CSA,CBSA,MDIV,STCOU,NAME,LSAD,ESTIMATESBASE2020,POPESTIMATE2020,POPESTIMATE2021,NPOPCHG2020,NPOPCHG2021,BIRTHS2020,BIRTHS2021,DEATHS2020,DEATHS2021,NATURALCHG2020,NATURALCHG2021,INTERNATIONALMIG2020,INTERNATIONALMIG2021,DOMESTICMIG2020,DOMESTICMIG2021,NETMIG2020,NETMIG2021,RESIDUAL2020,RESIDUAL2021
104,,,,"Albany-Schenectady, NY",Combined Statistical Area,1190727,1189485,1190312,-1242,827,2785,10726,3237,13521,-452,-2795,7,561,-749,2906,-742,3467,-48,155
104,10580,,,"Albany-Schenectady-Troy, NY",Metropolitan Statistical Area,899262,898561,899286,-701,725,2110,8239,2282,9721,-172,-1482,8,504,-510,1572,-502,2076,-27,131
104,10580,,36001,"Albany County, NY",County or equivalent,314848,314368,313743,-480,-625,691,2795,794,3197,-103,-402,9,275,-380,-561,-371,-286,-6,63
104,10580,,36083,"Rensselaer County, NY",County or equivalent,161130,160923,160232,-207,-691,407,1510,399,1913,8,-403,2,72,-214,-387,-212,-315,-3,27
104,10580,,36091,"Saratoga County, NY",County or equivalent,235509,235689,237359,180,1670,529,1966,551,2472,-22,-506,0,64,213,2101,213,2165,-11,11
104,10580,,36093,"Schenectady County, NY",County or equivalent,158061,157861,158089,-200,228,417,1729,449,1751,-32,-22,-2,91,-163,129,-165,220,-3,30
104,10580,,36095,"Schoharie County, NY",County or equivalent,29714,29720,29863,6,143,66,239,89,388,-23,-149,-1,2,34,290,33,292,-4,0
104,11220,,,"Amsterdam, NY",Micropolitan Statistical Area,49532,49433,49558,-99,125,141,588,167,642,-26,-54,0,22,-72,152,-72,174,-1,5
104,11220,,36057,"Montgomery County, NY",County or equivalent,49532,49433,49558,-99,125,141,588,167,642,-26,-54,0,22,-72,152,-72,174,-1,5
104,24020,,,"Glens Falls, NY",Metropolitan Statistical Area,127039,126781,126574,-258,-207,280,1001,419,1641,-139,-640,0,13,-109,406,-109,419,-10,14
104,24020,,36113,"Warren County, NY",County or equivalent,65737,65638,65618,-99,-20,130,508,207,855,-77,-347,0,8,-14,315,-14,323,-8,4
104,24020,,36115,"Washington County, NY",County or equivalent,61302,61143,60956,-159,-187,150,493,212,786,-62,-293,0,5,-95,91,-95,96,-2,10
104,24100,,,"Gloversville, NY",Micropolitan Statistical Area,53324,53160,53116,-164,-44,132,458,190,681,-58,-223,0,2,-104,171,-104,173,-2,6
104,24100,,36035,"Fulton County, NY",County or equivalent,53324,53160,53116,-164,-44,132,458,190,681,-58,-223,0,2,-104,171,-104,173,-2,6
104,26460,,,"Hudson, NY",Micropolitan Statistical Area,61570,61550,61778,-20,228,122,440,179,836,-57,-396,-1,20,46,605,45,625,-8,-1
104,26460,,36021,"Columbia County, NY",County or equivalent,61570,61550,61778,-20,228,122,440,179,836,-57,-396,-1,20,46,605,45,625,-8,-1
106,,,,"Albuquerque-Santa Fe-Las Vegas, NM",Combined Statistical Area,1162523,1163143,1164315,620,1172,2727,10826,2973,12422,-246,-1596,61,874,845,1795,906,2669,-40,99
106,10740,,,"Albuquerque, NM",Metropolitan Statistical Area,916528,917179,918259,651,1080,2254,8857,2377,9860,-123,-1003,56,713,736,1283,792,1996,-18,87
106,10740,,35001,"Bernalillo County, NM",County or equivalent,676444,676581,674393,137,-2188,1706,6602,1775,7387,-69,-785,48,614,168,-2119,216,-1505,-10,102
106,10740,,35043,"Sandoval County, NM",County or equivalent,148834,149218,151369,384,2151,314,1341,357,1433,-43,-92,4,34,427,2219,431,2253,-4,-10
106,10740,,35057,"Torrance County, NM",County or equivalent,15045,15051,15307,6,256,45,145,46,181,-1,-36,0,8,8,286,8,294,-1,-2
106,10740,,35061,"Valencia County, NM",County or equivalent,76205,76329,77190,124,861,189,769,199,859,-10,-90,4,57,133,897,137,954,-3,-3
106,21580,,,"Española, NM",Micropolitan Statistical Area,40363,40264,40179,-99,-85,106,393,125,504,-19,-111,1,3,-80,18,-79,21,-1,5
106,21580,,35039,"Rio Arriba County, NM",County or equivalent,40363,40264,40179,-99,-85,106,393,125,504,-19,-111,1,3,-80,18,-79,21,-1,5
106,29780,,,"Las Vegas, NM",Micropolitan Statistical Area,31390,31299,31346,-91,47,54,275,94,371,-40,-96,0,23,-49,117,-49,140,-2,3
106,29780,,35033,"Mora County, NM",County or equivalent,4189,4184,4196,-5,12,12,38,16,46,-4,-8,0,0,-1,20,-1,20,0,0
106,29780,,35047,"San Miguel County, NM",County or equivalent,27201,27115,27150,-86,35,42,237,78,325,-36,-88,0,23,-48,97,-48,120,-2,3
106,31060,,,"Los Alamos, NM",Micropolitan Statistical Area,19419,19424,19330,5,-94,42,161,26,145,16,16,0,35,-11,-149,-11,-114,0,4
106,31060,,35028,"Los Alamos County, NM",County or equivalent,19419,19424,19330,5,-94,42,161,26,145,16,16,0,35,-11,-149,-11,-114,0,4
106,42140,,,"Santa Fe, NM",Metropolitan Statistical Area,154823,154977,155201,154,224,271,1140,351,1542,-80,-402,4,100,249,526,253,626,-19,0
106,42140,,35049,"Santa Fe County, NM",County or equivalent,154823,154977,155201,154,224,271,1140,351,1542,-80,-402,4,100,249,526,253,626,-19,0
107,,,,"Altoona-Huntingdon, PA",Combined Statistical Area,166914,166548,165656,-366,-892,367,1515,583,2498,-216,-983,0,10,-137,53,-137,63,-13,28
107,11020,,,"Altoona, PA",Metropolitan Statistical Area,122822,122518,121767,-304,-751,280,1167,477,1868,-197,-701,0,6,-98,-78,-98,-72,-9,22
107,11020,,42013,"Blair County, PA",County or equivalent,122822,122518,121767,-304,-751,280,1167,477,1868,-197,-701,0,6,-98,-78,-98,-72,-9,22
107,26500,,,"Huntingdon, PA",Micropolitan Statistical Area,44092,44030,43889,-62,-141,87,348,106,630,-19,-282,0,4,-39,131,-39,135,-4,6
107,26500,,42061,"Huntingdon County, PA",County or equivalent,44092,44030,43889,-62,-141,87,348,106,630,-19,-282,0,4,-39,131,-39,135,-4,6
108,,,,"Amarillo-Pampa-Borger, TX",Combined Statistical Area,311362,311361,312025,-1,664,953,3652,905,3552,48,100,-1,142,-53,451,-54,593,5,-29
108,11100,,,"Amarillo, TX",Metropolitan Statistical Area,268691,268820,269703,129,883,823,3131,753,2985,70,146,-1,139,53,630,52,769,7,-32
108,11100,,48011,"Armstrong County, TX",County or equivalent,1848,1847,1839,-1,-8,4,11,12,23,-8,-12,0,0,7,4,7,4,0,0
108,11100,,48065,"Carson County, TX",County or equivalent,5807,5808,5746,1,-62,12,44,15,70,-3,-26,0,0,4,-34,4,-34,0,-2
108,11100,,48359,"Oldham County, TX",County or equivalent,1758,1761,1717,3,-44,6,9,6,9,0,0,0,0,2,-43,2,-43,1,-1
108,11100,,48375,"Potter County, TX",County or equivalent,118525,118173,116547,-352,-1626,407,1563,380,1490,27,73,0,100,-383,-1790,-383,-1690,4,-9
108,11100,,48381,"Randall County, TX",County or equivalent,140753,141231,143854,478,2623,394,1504,340,1393,54,111,-1,39,423,2493,422,2532,2,-20
108,14420,,,"Borger, TX",Micropolitan Statistical Area,20617,20539,20495,-78,-44,66,257,86,263,-20,-6,0,1,-58,-42,-58,-41,0,3
108,14420,,48233,"Hutchinson County, TX",County or equivalent,20617,20539,20495,-78,-44,66,257,86,263,-20,-6,0,1,-58,-42,-58,-41,0,3
108,37420,,,"Pampa, TX",Micropolitan Statistical Area,22054,22002,21827,-52,-175,64,264,66,304,-2,-40,0,2,-48,-137,-48,-135,-2,0
108,37420,,48179,"Gray County, TX",County or equivalent,21227,21179,21030,-48,-149,62,258,65,292,-3,-34,0,2,-44,-117,-44,-115,-1,0
108,37420,,48393,"Roberts County, TX",County or equivalent,827,823,797,-4,-26,2,6,1,12,1,-6,0,0,-4,-20,-4,-20,-1,0
118,,,,"Appleton-Oshkosh-Neenah, WI",Combined Statistical Area,414877,414954,415707,77,753,1157,4194,1046,4008,111,186,-2,124,-32,360,-34,484,0,83
118,11540,,,"Appleton, WI",Metropolitan Statistical Area,243147,243308,244084,161,776,685,2532,536,2207,149,325,0,51,10,354,10,405,2,46
118,11540,,55015,"Calumet County, WI",County or equivalent,52442,52476,52539,34,63,135,472,93,453,42,19,0,6,-8,27,-8,33,0,11
118,11540,,55087,"Outagamie County, WI",County or equivalent,190705,190832,191545,127,713,550,2060,443,1754,107,306,0,45,18,327,18,372,2,35
118,36780,,,"Oshkosh-Neenah, WI",Metropolitan Statistical Area,171730,171646,171623,-84,-23,472,1662,510,1801,-38,-139,-2,73,-42,6,-44,79,-2,37
118,36780,,55139,"Winnebago County, WI",County or equivalent,171730,171646,171623,-84,-23,472,1662,510,1801,-38,-139,-2,73,-42,6,-44,79,-2,37
120,,,,"Asheville-Marion-Brevard, NC",Combined Statistical Area,546579,546999,550223,420,3224,1115,4610,1866,7438,-751,-2828,1,139,1216,5923,1217,6062,-46,-10
120,11700,,,"Asheville, NC",Metropolitan Statistical Area,469015,469454,472341,439,2887,964,3987,1579,6289,-615,-2302,1,134,1090,5060,1091,5194,-37,-5
120,11700,,37021,"Buncombe County, NC",County or equivalent,269452,269621,271534,169,1913,541,2321,827,3194,-286,-873,1,127,469,2654,470,2781,-15,5
120,11700,,37087,"Haywood County, NC",County or equivalent,62089,62131,62476,42,345,124,506,266,961,-142,-455,0,0,190,806,190,806,-6,-6
120,11700,,37089,"Henderson County, NC",County or equivalent,116281,116493,116829,212,336,253,991,416,1799,-163,-808,0,2,389,1141,389,1143,-14,1
120,11700,,37115,"Madison County, NC",County or equivalent,21193,21209,21502,16,293,46,169,70,335,-24,-166,0,5,42,459,42,464,-2,-5
120,14820,,,"Brevard, NC",Micropolitan Statistical Area,32986,33009,33165,23,156,54,229,128,518,-74,-289,0,3,103,447,103,450,-6,-5
120,14820,,37175,"Transylvania County, NC",County or equivalent,32986,33009,33165,23,156,54,229,128,518,-74,-289,0,3,103,447,103,450,-6,-5
120,32000,,,"Marion, NC",Micropolitan Statistical Area,44578,44536,44717,-42,181,97,394,159,631,-62,-237,0,2,23,416,23,418,-3,0
120,32000,,37111,"McDowell County, NC",County or equivalent,44578,44536,44717,-42,181,97,394,159,631,-62,-237,0,2,23,416,23,418,-3,0
122,,,,"Atlanta--Athens-Clarke County--Sandy Springs, GA-AL",Combined Statistical Area,6930423,6943286,6997351,12863,54065,18941,77650,14175,59865,4766,17785,411,6140,7380,30113,7791,36253,306,27
122,12020,,,"Athens-Clarke County, GA",Metropolitan Statistical Area,215415,215638,217759,223,2121,546,2063,417,1802,129,261,5,134,84,1730,89,1864,5,-4
122,12020,,13059,"Clarke County, GA",County or equivalent,128671,128489,128711,-182,222,313,1224,212,914,101,310,1,126,-291,-230,-290,-104,7,16
122,12020,,13195,"Madison County, GA",County or equivalent,30120,30263,30885,143,622,93,381,75,356,18,25,0,-2,125,604,125,602,0,-5
122,12020,,13219,"Oconee County, GA",County or equivalent,41799,42021,43023,222,1002,100,322,82,331,18,-9,4,8,201,1015,205,1023,-1,-12
122,12020,,13221,"Oglethorpe County, GA",County or equivalent,14825,14865,15140,40,275,40,136,48,201,-8,-65,0,2,49,341,49,343,-1,-3
122,12060,,,"Atlanta-Sandy Springs-Alpharetta, GA",Metropolitan Statistical Area,6089815,6101146,6144050,11331,42904,16645,68252,11892,50454,4753,17798,391,5691,5888,19358,6279,25049,299,57
122,12060,,13013,"Barrow County, GA",County or equivalent,83505,83963,86658,458,2695,251,1065,177,785,74,280,0,54,378,2387,378,2441,6,-26
122,12060,,13015,"Bartow County, GA",County or equivalent,108901,109311,110843,410,1532,334,1272,304,1252,30,20,0,18,375,1495,375,1513,5,-1
122,12060,,13035,"Butts County, GA",County or equivalent,25434,25542,25781,108,239,64,265,81,348,-17,-83,-1,7,125,315,124,322,1,0
122,12060,,13045,"Carroll County, GA",County or equivalent,119148,119463,121968,315,2505,355,1555,309,1318,46,237,-3,41,268,2242,265,2283,4,-15
122,12060,,13057,"Cherokee County, GA",County or equivalent,266620,268043,274615,1423,6572,684,2588,475,2132,209,456,6,93,1198,6065,1204,6158,10,-42
122,12060,,13063,"Clayton County, GA",County or equivalent,297595,297417,297100,-178,-317,984,3853,640,2227,344,1626,3,153,-550,-2139,-547,-1986,25,43
122,12060,,13067,"Cobb County, GA",County or equivalent,766149,766209,766802,60,593,2050,8419,1265,5819,785,2600,56,849,-815,-3003,-759,-2154,34,147
122,12060,,13077,"Coweta County, GA",County or equivalent,146158,146653,149956,495,3303,382,1524,333,1343,49,181,0,60,439,3084,439,3144,7,-22
122,12060,,13085,"Dawson County, GA",County or equivalent,26798,27047,28497,249,1450,57,312,58,280,-1,32,0,5,251,1434,251,1439,-1,-21
122,12060,,13089,"DeKalb County, GA",County or equivalent,764382,763831,757718,-551,-6113,2298,10049,1466,6134,832,3915,127,1506,-1531,-11455,-1404,-9949,21,-79
122,12060,,13097,"Douglas County, GA",County or equivalent,144237,144497,145814,260,1317,407,1631,335,1269,72,362,0,48,181,893,181,941,7,14
122,12060,,13113,"Fayette County, GA",County or equivalent,119194,119441,120574,247,1133,204,851,269,1082,-65,-231,-1,71,322,1303,321,1374,-9,-10
122,12060,,13117,"Forsyth County, GA",County or equivalent,251283,252786,260206,1503,7420,567,2224,358,1716,209,508,5,232,1275,6755,1280,6987,14,-75
122,12060,,13121,"Fulton County, GA",County or equivalent,1066710,1069023,1065334,2313,-3689,2686,11798,1939,9072,747,2726,85,1236,1409,-7786,1494,-6550,72,135
122,12060,,13135,"Gwinnett County, GA",County or equivalent,957062,957801,964546,739,6745,2721,10585,1439,5835,1282,4750,119,1167,-742,681,-623,1848,80,147
122,12060,,13143,"Haralson County, GA",County or equivalent,29919,29985,30572,66,587,85,379,143,438,-58,-59,-1,-1,125,655,124,654,0,-8
122,12060,,13149,"Heard County, GA",County or equivalent,11412,11465,11565,53,100,44,111,32,136,12,-25,0,0,40,124,40,124,1,1
122,12060,,13151,"Henry County, GA",County or equivalent,240712,241818,245235,1106,3417,617,2560,459,2081,158,479,-1,45,938,2904,937,2949,11,-11
122,12060,,13159,"Jasper County, GA",County or equivalent,14588,14638,15278,50,640,30,147,50,185,-20,-38,0,2,69,689,69,691,1,-13
122,12060,,13171,"Lamar County, GA",County or equivalent,18500,18550,19080,50,530,48,199,62,267,-14,-68,0,3,64,603,64,606,0,-8
122,12060,,13199,"Meriwether County, GA",County or equivalent,20613,20619,20793,6,174,57,240,80,312,-23,-72,0,0,30,248,30,248,-1,-2
122,12060,,13211,"Morgan County, GA",County or equivalent,20097,20174,20635,77,461,56,187,70,222,-14,-35,0,3,92,500,92,503,-1,-7
122,12060,,13217,"Newton County, GA",County or equivalent,112483,112780,115355,297,2575,334,1293,295,1168,39,125,0,27,254,2449,254,2476,4,-26
122,12060,,13223,"Paulding County, GA",County or equivalent,168661,169660,173780,999,4120,488,1851,337,1385,151,466,-1,36,836,3649,835,3685,13,-31
122,12060,,13227,"Pickens County, GA",County or equivalent,33216,33333,34024,117,691,68,277,95,440,-27,-163,0,-2,147,865,147,863,-3,-9
122,12060,,13231,"Pike County, GA",County or equivalent,18889,18935,19477,46,542,48,202,47,218,1,-16,0,0,46,566,46,566,-1,-8
122,12060,,13247,"Rockdale County, GA",County or equivalent,93570,93614,94082,44,468,253,911,249,901,4,10,-1,23,41,425,40,448,0,10
122,12060,,13255,"Spalding County, GA",County or equivalent,67306,67413,67909,107,496,219,815,260,990,-41,-175,0,2,150,665,150,667,-2,4
122,12060,,13297,"Walton County, GA",County or equivalent,96673,97135,99853,462,2718,254,1089,265,1099,-11,-10,-1,13,473,2745,472,2758,1,-30
122,16340,,,"Cedartown, GA",Micropolitan Statistical Area,42853,42925,43496,72,571,143,565,120,600,23,-35,0,16,48,592,48,608,1,-2
122,16340,,13233,"Polk County, GA",County or equivalent,42853,42925,43496,72,571,143,565,120,600,23,-35,0,16,48,592,48,608,1,-2
122,18460,,,"Cornelia, GA",Micropolitan Statistical Area,46031,46105,46774,74,669,125,460,172,551,-47,-91,7,43,115,721,122,764,-1,-4
122,18460,,13137,"Habersham County, GA",County or equivalent,46031,46105,46774,74,669,125,460,172,551,-47,-91,7,43,115,721,122,764,-1,-4
122,23580,,,"Gainesville, GA",Metropolitan Statistical Area,203136,203589,207369,453,3780,614,2503,522,2022,92,481,2,83,356,3221,358,3304,3,-5
122,23580,,13139,"Hall County, GA",County or equivalent,203136,203589,207369,453,3780,614,2503,522,2022,92,481,2,83,356,3221,358,3304,3,-5
122,27600,,,"Jefferson, GA",Micropolitan Statistical Area,75907,76712,80286,805,3574,213,905,180,796,33,109,-1,14,768,3505,767,3519,5,-54
122,27600,,13157,"Jackson County, GA",County or equivalent,75907,76712,80286,805,3574,213,905,180,796,33,109,-1,14,768,3505,767,3519,5,-54
122,29300,,,"LaGrange, GA-AL",Micropolitan Statistical Area,104198,104066,104261,-132,195,276,1220,343,1407,-67,-187,1,69,-63,297,-62,366,-3,16
122,29300,,01017,"Chambers County, AL",County or equivalent,34772,34678,34541,-94,-137,85,356,121,512,-36,-156,0,21,-55,-8,-55,13,-3,6
122,29300,,13285,"Troup County, GA",County or equivalent,69426,69388,69720,-38,332,191,864,222,895,-31,-31,1,48,-8,305,-7,353,0,10
122,40660,,,"Rome, GA",Metropolitan Statistical Area,98584,98593,98771,9,178,248,1076,320,1349,-72,-273,4,86,79,346,83,432,-2,19
122,40660,,13115,"Floyd County, GA",County or equivalent,98584,98593,98771,9,178,248,1076,320,1349,-72,-273,4,86,79,346,83,432,-2,19
122,45580,,,"Thomaston, GA",Micropolitan Statistical Area,27700,27712,27720,12,8,69,306,124,471,-55,-165,3,1,65,169,68,170,-1,3
122,45580,,13293,"Upson County, GA",County or equivalent,27700,27712,27720,12,8,69,306,124,471,-55,-165,3,1,65,169,68,170,-1,3
122,45740,,,"Toccoa, GA",Micropolitan Statistical Area,26784,26800,26865,16,65,62,300,85,413,-23,-113,-1,3,40,174,39,177,0,1
122,45740,,13257,"Stephens County, GA",County or equivalent,26784,26800,26865,16,65,62,300,85,413,-23,-113,-1,3,40,174,39,177,0,1
140,,,,"Bend-Prineville, OR",Combined Statistical Area,222991,224278,230540,1287,6262,546,2018,495,2199,51,-181,-1,-27,1243,6552,1242,6525,-6,-82
140,13460,,,"Bend, OR",Metropolitan Statistical Area,198253,199355,204801,1102,5446,483,1789,426,1913,57,-124,-1,-25,1050,5663,1049,5638,-4,-68
140,13460,,41017,"Deschutes County, OR",County or equivalent,198253,199355,204801,1102,5446,483,1789,426,1913,57,-124,-1,-25,1050,5663,1049,5638,-4,-68
140,39260,,,"Prineville, OR",Micropolitan Statistical Area,24738,24923,25739,185,816,63,229,69,286,-6,-57,0,-2,193,889,193,887,-2,-14
140,39260,,41013,"Crook County, OR",County or equivalent,24738,24923,25739,185,816,63,229,69,286,-6,-57,0,-2,193,889,193,887,-2,-14
142,,,,"Birmingham-Hoover-Talladega, AL",Combined Statistical Area,1350646,1349923,1350100,-723,177,3553,15183,4397,17096,-844,-1913,-8,309,144,1722,136,2031,-15,59
142,13820,,,"Birmingham-Hoover, AL",Metropolitan Statistical Area,1115289,1114710,1114262,-579,-448,2934,12663,3449,13439,-515,-776,-7,282,-51,-2,-58,280,-6,48
142,13820,,01007,"Bibb County, AL",County or equivalent,22293,22223,22477,-70,254,62,226,90,282,-28,-56,0,2,-42,309,-42,311,0,-1
142,13820,,01009,"Blount County, AL",County or equivalent,59134,59081,59041,-53,-40,152,629,220,820,-68,-191,0,2,17,140,17,142,-2,9
142,13820,,01021,"Chilton County, AL",County or equivalent,45014,45024,45274,10,250,125,557,138,590,-13,-33,1,1,24,275,25,276,-2,7
142,13820,,01073,"Jefferson County, AL",County or equivalent,674721,673341,667820,-1380,-5521,1884,8105,2224,8543,-340,-438,-11,153,-1027,-5283,-1038,-5130,-2,47
142,13820,,01115,"St. Clair County, AL",County or equivalent,91103,91333,92748,230,1415,231,1003,268,1180,-37,-177,0,13,267,1587,267,1600,0,-8
142,13820,,01117,"Shelby County, AL",County or equivalent,223024,223708,226902,684,3194,480,2143,509,2024,-29,119,3,111,710,2970,713,3081,0,-6
142,18980,,,"Cullman, AL",Micropolitan Statistical Area,87866,88044,89496,178,1452,245,907,333,1265,-88,-358,0,5,267,1822,267,1827,-1,-17
142,18980,,01043,"Cullman County, AL",County or equivalent,87866,88044,89496,178,1452,245,907,333,1265,-88,-358,0,5,267,1822,267,1827,-1,-17
142,27530,,,"Jasper, AL",Micropolitan Statistical Area,65342,65100,64818,-242,-282,170,782,323,1143,-153,-361,0,11,-85,55,-85,66,-4,13
142,27530,,01127,"Walker County, AL",County or equivalent,65342,65100,64818,-242,-282,170,782,323,1143,-153,-361,0,11,-85,55,-85,66,-4,13
142,45180,,,"Talladega-Sylacauga, AL",Micropolitan Statistical Area,82149,82069,81524,-80,-545,204,831,292,1249,-88,-418,-1,11,13,-153,12,-142,-4,15
142,45180,,01121,"Talladega County, AL",County or equivalent,82149,82069,81524,-80,-545,204,831,292,1249,-88,-418,-1,11,13,-153,12,-142,-4,15
144,,,,"Bloomington-Bedford, IN",Combined Statistical Area,206050,205837,206391,-213,554,447,1733,517,2161,-70,-428,16,319,-160,623,-144,942,1,40
144,13260,,,"Bedford, IN",Micropolitan Statistical Area,45011,45022,45070,11,48,138,482,166,673,-28,-191,0,4,42,230,42,234,-3,5
144,13260,,18093,"Lawrence County, IN",County or equivalent,45011,45022,45070,11,48,138,482,166,673,-28,-191,0,4,42,230,42,234,-3,5
144,14020,,,"Bloomington, IN",Metropolitan Statistical Area,161039,160815,161321,-224,506,309,1251,351,1488,-42,-237,16,315,-202,393,-186,708,4,35
144,14020,,18105,"Monroe County, IN",County or equivalent,139718,139517,139875,-201,358,256,1045,279,1191,-23,-146,16,314,-200,155,-184,469,6,35
144,14020,,18119,"Owen County, IN",County or equivalent,21321,21298,21446,-23,148,53,206,72,297,-19,-91,0,1,-2,238,-2,239,-2,0
145,,,,"Bloomington-Pontiac, IL",Combined Statistical Area,206769,206622,206553,-147,-69,562,2048,488,1984,74,64,14,179,-241,-358,-227,-179,6,46
145,14010,,,"Bloomington, IL",Metropolitan Statistical Area,170954,170870,170889,-84,19,466,1663,373,1474,93,189,14,172,-198,-381,-184,-209,7,39
145,14010,,17113,"McLean County, IL",County or equivalent,170954,170870,170889,-84,19,466,1663,373,1474,93,189,14,172,-198,-381,-184,-209,7,39
145,38700,,,"Pontiac, IL",Micropolitan Statistical Area,35815,35752,35664,-63,-88,96,385,115,510,-19,-125,0,7,-43,23,-43,30,-1,7
145,38700,,17105,"Livingston County, IL",County or equivalent,35815,35752,35664,-63,-88,96,385,115,510,-19,-125,0,7,-43,23,-43,30,-1,7
146,,,,"Bloomsburg-Berwick-Sunbury, PA",Combined Statistical Area,256927,256595,256414,-332,-181,603,2411,816,3368,-213,-957,1,30,-104,714,-103,744,-16,32
146,14100,,,"Bloomsburg-Berwick, PA",Metropolitan Statistical Area,82863,82782,82959,-81,177,196,775,264,1105,-68,-330,0,9,-8,493,-8,502,-5,5
146,14100,,42037,"Columbia County, PA",County or equivalent,64727,64667,64872,-60,205,143,542,217,835,-74,-293,0,3,17,494,17,497,-3,1
146,14100,,42093,"Montour County, PA",County or equivalent,18136,18115,18087,-21,-28,53,233,47,270,6,-37,0,6,-25,-1,-25,5,-2,4
146,30260,,,"Lewisburg, PA",Micropolitan Statistical Area,42681,42625,42568,-56,-57,92,388,108,468,-16,-80,0,8,-38,6,-38,14,-2,9
146,30260,,42119,"Union County, PA",County or equivalent,42681,42625,42568,-56,-57,92,388,108,468,-16,-80,0,8,-38,6,-38,14,-2,9
146,42780,,,"Selinsgrove, PA",Micropolitan Statistical Area,39736,39717,39621,-19,-96,99,373,97,486,2,-113,0,1,-19,10,-19,11,-2,6
146,42780,,42109,"Snyder County, PA",County or equivalent,39736,39717,39621,-19,-96,99,373,97,486,2,-113,0,1,-19,10,-19,11,-2,6
146,44980,,,"Sunbury, PA",Micropolitan Statistical Area,91647,91471,91266,-176,-205,216,875,347,1309,-131,-434,1,12,-39,205,-38,217,-7,12
146,44980,,42097,"Northumberland County, PA",County or equivalent,91647,91471,91266,-176,-205,216,875,347,1309,-131,-434,1,12,-39,205,-38,217,-7,12
147,,,,"Boise City-Mountain Home-Ontario, ID-OR",Combined Statistical Area,850341,855446,882138,5105,26692,2451,9403,1926,7449,525,1954,-7,94,4546,24916,4539,25010,41,-272
147,14260,,,"Boise City, ID",Metropolitan Statistical Area,764718,769581,795268,4863,25687,2128,8299,1663,6602,465,1697,-8,51,4367,24210,4359,24261,39,-271
147,14260,,16001,"Ada County, ID",County or equivalent,494967,497984,511931,3017,13947,1248,4814,1005,4135,243,679,-6,51,2756,13343,2750,13394,24,-126
147,14260,,16015,"Boise County, ID",County or equivalent,7610,7647,8094,37,447,10,45,14,91,-4,-46,0,13,42,490,42,503,-1,-10
147,14260,,16027,"Canyon County, ID",County or equivalent,231105,232714,243115,1609,10401,778,3102,538,1980,240,1122,-2,-15,1355,9418,1353,9403,16,-124
147,14260,,16045,"Gem County, ID",County or equivalent,19123,19258,19792,135,534,63,192,71,260,-8,-68,0,1,143,607,143,608,0,-6
147,14260,,16073,"Owyhee County, ID",County or equivalent,11913,11978,12336,65,358,29,146,35,136,-6,10,0,1,71,352,71,353,0,-5
147,34300,,,"Mountain Home, ID",Micropolitan Statistical Area,28666,28668,28827,2,159,112,408,69,228,43,180,1,42,-43,-64,-42,-22,1,1
147,34300,,16039,"Elmore County, ID",County or equivalent,28666,28668,28827,2,159,112,408,69,228,43,180,1,42,-43,-64,-42,-22,1,1
147,36620,,,"Ontario, OR-ID",Micropolitan Statistical Area,56957,57197,58043,240,846,211,696,194,619,17,77,0,1,222,770,222,771,1,-2
147,36620,,16075,"Payette County, ID",County or equivalent,25386,25589,26350,203,761,85,319,62,291,23,28,0,-6,179,748,179,742,1,-9
147,36620,,41045,"Malheur County, OR",County or equivalent,31571,31608,31693,37,85,126,377,132,328,-6,49,0,7,43,22,43,29,0,7
148,,,,"Boston-Worcester-Providence, MA-RI-NH-CT",Combined Statistical Area,8466186,8458952,8430341,-7234,-28611,20182,78919,21015,85289,-833,-6370,1025,13705,-7316,-36309,-6291,-22604,-110,363
148,12700,,,"Barnstable Town, MA",Metropolitan Statistical Area,228996,228969,232411,-27,3442,362,1419,767,3360,-405,-1941,3,152,421,5296,424,5448,-46,-65
148,12700,,25001,"Barnstable County, MA",County or equivalent,228996,228969,232411,-27,3442,362,1419,767,3360,-405,-1941,3,152,421,5296,424,5448,-46,-65
148,14460,,,"Boston-Cambridge-Newton, MA-NH",Metropolitan Statistical Area,4941632,4936511,4899932,-5121,-36579,12225,47684,11417,46648,808,1036,811,10505,-6737,-48040,-5926,-37535,-3,-80
148,14460,14454,,"Boston, MA",Metropolitan Division,2054736,2052435,2028753,-2301,-23682,5228,20279,4628,19430,600,849,436,4688,-3341,-28997,-2905,-24309,4,-222
148,14460,14454,25021,"Norfolk County, MA",County or equivalent,725981,726025,724505,44,-1520,1761,6919,1664,7135,97,-216,122,1208,-160,-2636,-38,-1428,-15,124
148,14460,14454,25023,"Plymouth County, MA",County or equivalent,530819,530979,533003,160,2024,1325,4924,1418,5969,-93,-1045,41,514,236,2489,277,3003,-24,66
148,14460,14454,25025,"Suffolk County, MA",County or equivalent,797936,795431,771245,-2505,-24186,2142,8436,1546,6326,596,2110,273,2966,-3417,-28850,-3144,-25884,43,-412
148,14460,15764,,"Cambridge-Newton-Framingham, MA",Metropolitan Division,2441831,2438640,2421816,-3191,-16824,6033,23734,5691,22611,342,1123,371,5578,-3911,-23657,-3540,-18079,7,132
148,14460,15764,25009,"Essex County, MA",County or equivalent,809829,809218,807074,-611,-2144,2031,8105,2112,8406,-81,-301,146,1700,-657,-3659,-511,-1959,-19,116
148,14460,15764,25017,"Middlesex County, MA",County or equivalent,1632002,1629422,1614742,-2580,-14680,4002,15629,3579,14205,423,1424,225,3878,-3254,-19998,-3029,-16120,26,16
148,14460,40484,,"Rockingham County-Strafford County, NH",Metropolitan Division,445065,445436,449363,371,3927,964,3671,1098,4607,-134,-936,4,239,515,4614,519,4853,-14,10
148,14460,40484,33015,"Rockingham County, NH",County or equivalent,314176,314430,316947,254,2517,657,2575,780,3284,-123,-709,-1,95,392,3126,391,3221,-14,5
148,14460,40484,33017,"Strafford County, NH",County or equivalent,130889,131006,132416,117,1410,307,1096,318,1323,-11,-227,5,144,123,1488,128,1632,0,5
148,18180,,,"Concord, NH",Micropolitan Statistical Area,153808,153922,155238,114,1316,325,1167,424,1678,-99,-511,5,160,214,1666,219,1826,-6,1
148,18180,,33013,"Merrimack County, NH",County or equivalent,153808,153922,155238,114,1316,325,1167,424,1678,-99,-511,5,160,214,1666,219,1826,-6,1
148,29060,,,"Laconia, NH",Micropolitan Statistical Area,63705,63743,64460,38,717,104,475,192,956,-88,-481,1,18,129,1192,130,1210,-4,-12
148,29060,,33001,"Belknap County, NH",County or equivalent,63705,63743,64460,38,717,104,475,192,956,-88,-481,1,18,129,1192,130,1210,-4,-12
148,31700,,,"Manchester-Nashua, NH",Metropolitan Statistical Area,422937,422705,424079,-232,1374,978,3990,1079,4325,-101,-335,47,666,-172,959,-125,1625,-6,84
148,31700,,33011,"Hillsborough County, NH",County or equivalent,422937,422705,424079,-232,1374,978,3990,1079,4325,-101,-335,47,666,-172,959,-125,1625,-6,84
148,39300,,,"Providence-Warwick, RI-MA",Metropolitan Statistical Area,1676579,1675401,1675774,-1178,373,3874,15127,4720,18481,-846,-3354,56,1077,-342,2427,-286,3504,-46,223
148,39300,,25005,"Bristol County, MA",County or equivalent,579200,579172,580164,-28,992,1390,5410,1684,6514,-294,-1104,24,462,257,1537,281,1999,-15,97
148,39300,,44001,"Bristol County, RI",County or equivalent,50793,50750,50818,-43,68,77,283,137,600,-60,-317,0,0,20,384,20,384,-3,1
148,39300,,44003,"Kent County, RI",County or equivalent,170363,170323,170715,-40,392,374,1362,577,2135,-203,-773,0,46,172,1105,172,1151,-9,14
148,39300,,44005,"Newport County, RI",County or equivalent,85643,85388,85264,-255,-124,149,635,261,1024,-112,-389,0,26,-135,238,-135,264,-8,1
148,39300,,44007,"Providence County, RI",County or equivalent,660741,660015,658221,-726,-1794,1674,6661,1700,6668,-26,-7,31,526,-733,-2427,-702,-1901,2,114
148,39300,,44009,"Washington County, RI",County or equivalent,129839,129753,130592,-86,839,210,776,361,1540,-151,-764,1,17,77,1590,78,1607,-13,-4
148,49340,,,"Worcester, MA-CT",Metropolitan Statistical Area,978529,977701,978447,-828,746,2314,9057,2416,9841,-102,-784,102,1127,-829,191,-727,1318,1,212
148,49340,,09015,"Windham County, CT",County or equivalent,116418,116240,116418,-178,178,247,994,322,1262,-75,-268,5,77,-107,349,-102,426,-1,20
148,49340,,25027,"Worcester County, MA",County or equivalent,862111,861461,862029,-650,568,2067,8063,2094,8579,-27,-516,97,1050,-722,-158,-625,892,2,192
150,,,,"Bowling Green-Glasgow, KY",Combined Statistical Area,234410,234694,237487,284,2793,634,2816,696,2748,-62,68,1,137,343,2582,344,2719,2,6
150,14540,,,"Bowling Green, KY",Metropolitan Statistical Area,179639,179978,182594,339,2616,504,2194,478,1951,26,243,1,137,308,2235,309,2372,4,1
150,14540,,21003,"Allen County, KY",County or equivalent,20588,20595,20797,7,202,65,237,57,302,8,-65,0,1,0,266,0,267,-1,0
150,14540,,21031,"Butler County, KY",County or equivalent,12371,12318,12294,-53,-24,37,133,52,181,-15,-48,0,2,-38,21,-38,23,0,1
150,14540,,21061,"Edmonson County, KY",County or equivalent,12126,12132,12291,6,159,17,112,44,167,-27,-55,-1,1,35,215,34,216,-1,-2
150,14540,,21227,"Warren County, KY",County or equivalent,134554,134933,137212,379,2279,385,1712,325,1301,60,411,2,133,311,1733,313,1866,6,2
150,23980,,,"Glasgow, KY",Micropolitan Statistical Area,54771,54716,54893,-55,177,130,622,218,797,-88,-175,0,0,35,347,35,347,-2,5
150,23980,,21009,"Barren County, KY",County or equivalent,44485,44445,44544,-40,99,104,512,171,628,-67,-116,0,0,28,208,28,208,-1,7
150,23980,,21169,"Metcalfe County, KY",County or equivalent,10286,10271,10349,-15,78,26,110,47,169,-21,-59,0,0,7,139,7,139,-1,-2
154,,,,"Brownsville-Harlingen-Raymondville, TX",Combined Statistical Area,441181,441320,443345,139,2025,1461,6095,861,3674,600,2421,-3,-20,-475,-477,-478,-497,17,101
154,15180,,,"Brownsville-Harlingen, TX",Metropolitan Statistical Area,421017,421191,423029,174,1838,1401,5859,804,3462,597,2397,-3,-18,-436,-640,-439,-658,16,99
154,15180,,48061,"Cameron County, TX",County or equivalent,421017,421191,423029,174,1838,1401,5859,804,3462,597,2397,-3,-18,-436,-640,-439,-658,16,99
154,39700,,,"Raymondville, TX",Micropolitan Statistical Area,20164,20129,20316,-35,187,60,236,57,212,3,24,0,-2,-39,163,-39,161,1,2
154,39700,,48489,"Willacy County, TX",County or equivalent,20164,20129,20316,-35,187,60,236,57,212,3,24,0,-2,-39,163,-39,161,1,2
160,,,,"Buffalo-Cheektowaga-Olean, NY",Combined Statistical Area,1243944,1242413,1238762,-1531,-3651,3154,11991,3886,15344,-732,-3353,46,671,-797,-1222,-751,-551,-48,253
160,15380,,,"Buffalo-Cheektowaga, NY",Metropolitan Statistical Area,1166902,1165506,1162336,-1396,-3170,2967,11201,3640,14355,-673,-3154,45,668,-724,-924,-679,-256,-44,240
160,15380,,36029,"Erie County, NY",County or equivalent,954236,953254,950683,-982,-2571,2424,9257,2891,11543,-467,-2286,45,633,-527,-1121,-482,-488,-33,203
160,15380,,36063,"Niagara County, NY",County or equivalent,212666,212252,211653,-414,-599,543,1944,749,2812,-206,-868,0,35,-197,197,-197,232,-11,37
160,36460,,,"Olean, NY",Micropolitan Statistical Area,77042,76907,76426,-135,-481,187,790,246,989,-59,-199,1,3,-73,-298,-72,-295,-4,13
160,36460,,36009,"Cattaraugus County, NY",County or equivalent,77042,76907,76426,-135,-481,187,790,246,989,-59,-199,1,3,-73,-298,-72,-295,-4,13
161,,,,"Burlington-Fort Madison-Keokuk, IA-IL-MO",Combined Statistical Area,103106,102866,102154,-240,-712,289,1042,339,1386,-50,-344,0,14,-181,-391,-181,-377,-9,9
161,15460,,,"Burlington, IA-IL",Micropolitan Statistical Area,45297,45170,44803,-127,-367,131,466,134,609,-3,-143,0,13,-121,-240,-121,-227,-3,3
161,15460,,17071,"Henderson County, IL",County or equivalent,6387,6339,6312,-48,-27,10,48,23,95,-13,-47,0,0,-35,21,-35,21,0,-1
161,15460,,19057,"Des Moines County, IA",County or equivalent,38910,38831,38491,-79,-340,121,418,111,514,10,-96,0,13,-86,-261,-86,-248,-3,4
161,22800,,,"Fort Madison-Keokuk, IA-IL-MO",Micropolitan Statistical Area,57809,57696,57351,-113,-345,158,576,205,777,-47,-201,0,1,-60,-151,-60,-150,-6,6
161,22800,,17067,"Hancock County, IL",County or equivalent,17620,17552,17400,-68,-152,50,165,56,231,-6,-66,0,0,-60,-87,-60,-87,-2,1
161,22800,,19111,"Lee County, IA",County or equivalent,33555,33512,33215,-43,-297,86,328,121,468,-35,-140,0,0,-6,-162,-6,-162,-2,5
161,22800,,29045,"Clark County, MO",County or equivalent,6634,6632,6736,-2,104,22,83,28,78,-6,5,0,1,6,98,6,99,-2,0
162,,,,"Burlington-South Burlington-Barre, VT",Combined Statistical Area,285369,285311,286580,-58,1269,653,2339,703,2541,-50,-202,7,209,-8,1220,-1,1429,-7,42
162,12740,,,"Barre, VT",Micropolitan Statistical Area,59807,59748,59969,-59,221,127,464,170,628,-43,-164,0,2,-11,379,-11,381,-5,4
162,12740,,50023,"Washington County, VT",County or equivalent,59807,59748,59969,-59,221,127,464,170,628,-43,-164,0,2,-11,379,-11,381,-5,4
162,15540,,,"Burlington-South Burlington, VT",Metropolitan Statistical Area,225562,225563,226611,1,1048,526,1875,533,1913,-7,-38,7,207,3,841,10,1048,-2,38
162,15540,,50007,"Chittenden County, VT",County or equivalent,168323,168289,168865,-34,576,372,1314,387,1358,-15,-44,6,196,-25,390,-19,586,0,34
162,15540,,50011,"Franklin County, VT",County or equivalent,49946,49996,50325,50,329,136,507,124,490,12,17,1,11,38,295,39,306,-1,6
162,15540,,50013,"Grand Isle County, VT",County or equivalent,7293,7278,7421,-15,143,18,54,22,65,-4,-11,0,0,-10,156,-10,156,-1,-2
163,,,,"Cape Coral-Fort Myers-Naples, FL",Combined Statistical Area,1176193,1181465,1214269,5272,32804,2531,10284,3411,15009,-880,-4725,187,1785,6142,36169,6329,37954,-177,-425
163,15980,,,"Cape Coral-Fort Myers, FL",Metropolitan Statistical Area,760822,764679,787976,3857,23297,1639,6677,2278,9861,-639,-3184,94,949,4504,25864,4598,26813,-102,-332
163,15980,,12071,"Lee County, FL",County or equivalent,760822,764679,787976,3857,23297,1639,6677,2278,9861,-639,-3184,94,949,4504,25864,4598,26813,-102,-332
163,17500,,,"Clewiston, FL",Micropolitan Statistical Area,39619,39707,40313,88,606,115,571,99,387,16,184,14,128,57,289,71,417,1,5
163,17500,,12051,"Hendry County, FL",County or equivalent,39619,39707,40313,88,606,115,571,99,387,16,184,14,128,57,289,71,417,1,5
163,34940,,,"Naples-Marco Island, FL",Metropolitan Statistical Area,375752,377079,385980,1327,8901,777,3036,1034,4761,-257,-1725,79,708,1581,10016,1660,10724,-76,-98
163,34940,,12021,"Collier County, FL",County or equivalent,375752,377079,385980,1327,8901,777,3036,1034,4761,-257,-1725,79,708,1581,10016,1660,10724,-76,-98
164,,,,"Cape Girardeau-Sikeston, MO-IL",Combined Statistical Area,135576,135490,135539,-86,49,396,1509,475,1838,-79,-329,2,66,-3,293,-1,359,-6,19
164,16020,,,"Cape Girardeau, MO-IL",Metropolitan Statistical Area,97517,97481,97699,-36,218,266,1043,329,1280,-63,-237,2,67,28,376,30,443,-3,12
164,16020,,17003,"Alexander County, IL",County or equivalent,5240,5168,5030,-72,-138,14,54,28,106,-14,-52,0,0,-57,-84,-57,-84,-1,-2
164,16020,,29017,"Bollinger County, MO",County or equivalent,10567,10525,10556,-42,31,24,143,58,171,-34,-28,0,1,-8,57,-8,58,0,1
164,16020,,29031,"Cape Girardeau County, MO",County or equivalent,81710,81788,82113,78,325,228,846,243,1003,-15,-157,2,66,93,403,95,469,-2,13
164,43460,,,"Sikeston, MO",Micropolitan Statistical Area,38059,38009,37840,-50,-169,130,466,146,558,-16,-92,0,-1,-31,-83,-31,-84,-3,7
164,43460,,29201,"Scott County, MO",County or equivalent,38059,38009,37840,-50,-169,130,466,146,558,-16,-92,0,-1,-31,-83,-31,-84,-3,7
168,,,,"Cedar Rapids-Iowa City, IA",Combined Statistical Area,451939,451941,452674,2,733,1291,4993,982,4153,309,840,31,813,-342,-968,-311,-155,4,48
168,16300,,,"Cedar Rapids, IA",Metropolitan Statistical Area,276520,276446,275435,-74,-1011,792,3051,691,2914,101,137,8,225,-179,-1387,-171,-1162,-4,14
168,16300,,19011,"Benton County, IA",County or equivalent,25575,25536,25691,-39,155,64,255,62,298,2,-43,0,5,-39,194,-39,199,-2,-1
168,16300,,19105,"Jones County, IA",County or equivalent,20646,20647,20805,1,158,52,181,51,251,1,-70,1,6,1,222,2,228,-2,0
168,16300,,19113,"Linn County, IA",County or equivalent,230299,230263,228939,-36,-1324,676,2615,578,2365,98,250,7,214,-141,-1803,-134,-1589,0,15
168,26980,,,"Iowa City, IA",Metropolitan Statistical Area,175419,175495,177239,76,1744,499,1942,291,1239,208,703,23,588,-163,419,-140,1007,8,34
168,26980,,19103,"Johnson County, IA",County or equivalent,152854,152984,154748,130,1764,434,1640,203,979,231,661,21,565,-130,506,-109,1071,8,32
168,26980,,19183,"Washington County, IA",County or equivalent,22565,22511,22491,-54,-20,65,302,88,260,-23,42,2,23,-33,-87,-31,-64,0,2
170,,,,"Charleston-Huntington-Ashland, WV-OH-KY",Combined Statistical Area,779969,777682,771171,-2287,-6511,1873,7740,3217,12307,-1344,-4567,5,166,-904,-2198,-899,-2032,-44,88
170,16620,,,"Charleston, WV",Metropolitan Statistical Area,258859,257840,255020,-1019,-2820,606,2433,1066,4213,-460,-1780,4,104,-547,-1162,-543,-1058,-16,18
170,16620,,54005,"Boone County, WV",County or equivalent,21809,21714,21312,-95,-402,51,195,104,360,-53,-165,0,-1,-42,-233,-42,-234,0,-3
170,16620,,54015,"Clay County, WV",County or equivalent,8051,8006,7892,-45,-114,18,82,30,140,-12,-58,0,0,-33,-56,-33,-56,0,0
170,16620,,54035,"Jackson County, WV",County or equivalent,27791,27735,27738,-56,3,73,276,94,416,-21,-140,0,15,-32,126,-32,141,-3,2
170,16620,,54039,"Kanawha County, WV",County or equivalent,180745,180048,177952,-697,-2096,415,1675,740,2924,-325,-1249,4,86,-364,-950,-360,-864,-12,17
170,16620,,54043,"Lincoln County, WV",County or equivalent,20463,20337,20126,-126,-211,49,205,98,373,-49,-168,0,4,-76,-49,-76,-45,-1,2
170,26580,,,"Huntington-Ashland, WV-KY-OH",Metropolitan Statistical Area,359862,359100,356581,-762,-2519,875,3611,1393,5428,-518,-1817,4,50,-226,-801,-222,-751,-22,49
170,26580,,21019,"Boyd County, KY",County or equivalent,48261,48175,47899,-86,-276,123,501,208,719,-85,-218,0,-1,2,-67,2,-68,-3,10
170,26580,,21043,"Carter County, KY",County or equivalent,26627,26575,26412,-52,-163,72,277,92,411,-20,-134,0,0,-30,-34,-30,-34,-2,5
170,26580,,21089,"Greenup County, KY",County or equivalent,35962,35852,35649,-110,-203,60,328,132,560,-72,-232,0,1,-35,22,-35,23,-3,6
170,26580,,39087,"Lawrence County, OH",County or equivalent,58240,58132,57445,-108,-687,157,622,201,938,-44,-316,0,3,-62,-379,-62,-376,-2,5
170,26580,,54011,"Cabell County, WV",County or equivalent,94350,94137,93418,-213,-719,242,994,401,1412,-159,-418,2,29,-51,-344,-49,-315,-5,14
170,26580,,54079,"Putnam County, WV",County or equivalent,57440,57399,57260,-41,-139,122,532,176,761,-54,-229,0,4,16,82,16,86,-3,4
170,26580,,54099,"Wayne County, WV",County or equivalent,38982,38830,38498,-152,-332,99,357,183,627,-84,-270,2,14,-66,-81,-64,-67,-4,5
170,34350,,,"Mount Gay-Shamrock, WV",Micropolitan Statistical Area,32567,32473,31909,-94,-564,92,339,160,619,-68,-280,-1,0,-24,-284,-25,-284,-1,0
170,34350,,54045,"Logan County, WV",County or equivalent,32567,32473,31909,-94,-564,92,339,160,619,-68,-280,-1,0,-24,-284,-25,-284,-1,0
170,38580,,,"Point Pleasant, WV-OH",Micropolitan Statistical Area,54673,54549,54315,-124,-234,148,582,232,896,-84,-314,-2,11,-35,60,-37,71,-3,9
170,38580,,39053,"Gallia County, OH",County or equivalent,29220,29193,29158,-27,-35,90,367,106,455,-16,-88,-2,10,-8,37,-10,47,-1,6
170,38580,,54053,"Mason County, WV",County or equivalent,25453,25356,25157,-97,-199,58,215,126,441,-68,-226,0,1,-27,23,-27,24,-2,3
170,39020,,,"Portsmouth, OH",Micropolitan Statistical Area,74008,73720,73346,-288,-374,152,775,366,1151,-214,-376,0,1,-72,-11,-72,-10,-2,12
170,39020,,39145,"Scioto County, OH",County or equivalent,74008,73720,73346,-288,-374,152,775,366,1151,-214,-376,0,1,-72,-11,-72,-10,-2,12
172,,,,"Charlotte-Concord, NC-SC",Combined Statistical Area,2822352,2831999,2864830,9647,32831,7770,31834,6490,27715,1280,4119,203,2693,8065,26033,8268,28726,99,-14
172,10620,,,"Albemarle, NC",Micropolitan Statistical Area,62504,62609,63425,105,816,138,633,219,875,-81,-242,0,0,189,1066,189,1066,-3,-8
172,10620,,37167,"Stanly County, NC",County or equivalent,62504,62609,63425,105,816,138,633,219,875,-81,-242,0,0,189,1066,189,1066,-3,-8
172,16740,,,"Charlotte-Concord-Gastonia, NC-SC",Metropolitan Statistical Area,2660329,2669665,2701046,9336,31381,7396,30082,5930,25345,1466,4737,203,2682,7561,23970,7764,26652,106,-8
172,16740,,37007,"Anson County, NC",County or equivalent,22055,22030,22060,-25,30,63,253,79,328,-16,-75,0,4,-8,101,-8,105,-1,0
172,16740,,37025,"Cabarrus County, NC",County or equivalent,225804,227065,231278,1261,4213,603,2487,472,2073,131,414,-1,84,1120,3738,1119,3822,11,-23
172,16740,,37071,"Gaston County, NC",County or equivalent,227943,228269,230856,326,2587,602,2487,764,2911,-162,-424,-2,53,488,2966,486,3019,2,-8
172,16740,,37097,"Iredell County, NC",County or equivalent,186693,187630,191968,937,4338,500,1854,506,2026,-6,-172,0,82,940,4475,940,4557,3,-47
172,16740,,37109,"Lincoln County, NC",County or equivalent,86810,87190,89670,380,2480,234,832,247,1112,-13,-280,3,19,390,2775,393,2794,0,-34
172,16740,,37119,"Mecklenburg County, NC",County or equivalent,1115482,1118340,1122276,2858,3936,3459,14170,1832,8339,1627,5831,194,2198,960,-4293,1154,-2095,77,200
172,16740,,37159,"Rowan County, NC",County or equivalent,146875,147027,148150,152,1123,377,1519,505,1907,-128,-388,3,37,280,1467,283,1504,-3,7
172,16740,,37179,"Union County, NC",County or equivalent,238267,239287,243648,1020,4361,556,2287,485,1962,71,325,0,61,942,4005,942,4066,7,-30
172,16740,,45023,"Chester County, SC",County or equivalent,32294,32276,32209,-18,-67,71,395,128,507,-57,-112,0,0,40,40,40,40,-1,5
172,16740,,45057,"Lancaster County, SC",County or equivalent,96016,96652,100336,636,3684,217,957,279,1320,-62,-363,0,11,701,4091,701,4102,-3,-55
172,16740,,45091,"York County, SC",County or equivalent,282090,283899,288595,1809,4696,714,2841,633,2860,81,-19,6,133,1708,4605,1714,4738,14,-23
172,43140,,,"Shelby, NC",Micropolitan Statistical Area,99519,99725,100359,206,634,236,1119,341,1495,-105,-376,0,11,315,997,315,1008,-4,2
172,43140,,37045,"Cleveland County, NC",County or equivalent,99519,99725,100359,206,634,236,1119,341,1495,-105,-376,0,11,315,997,315,1008,-4,2
174,,,,"Chattanooga-Cleveland-Dalton, TN-GA",Combined Statistical Area,1000303,1001409,1008742,1106,7333,2738,10837,3184,12709,-446,-1872,-1,163,1565,8989,1564,9152,-12,53
174,11940,,,"Athens, TN",Micropolitan Statistical Area,53276,53315,54059,39,744,150,580,231,850,-81,-270,0,12,124,1010,124,1022,-4,-8
174,11940,,47107,"McMinn County, TN",County or equivalent,53276,53315,54059,39,744,150,580,231,850,-81,-270,0,12,124,1010,124,1022,-4,-8
174,15660,,,"Calhoun, GA",Micropolitan Statistical Area,57544,57696,58237,152,541,161,655,170,684,-9,-29,0,39,159,526,159,565,2,5
174,15660,,13129,"Gordon County, GA",County or equivalent,57544,57696,58237,152,541,161,655,170,684,-9,-29,0,39,159,526,159,565,2,5
174,16860,,,"Chattanooga, TN-GA",Metropolitan Statistical Area,562647,563599,567641,952,4042,1560,6041,1741,7172,-181,-1131,-2,86,1145,5058,1143,5144,-10,29
174,16860,,13047,"Catoosa County, GA",County or equivalent,67872,67976,68397,104,421,171,623,195,830,-24,-207,0,-2,130,629,130,627,-2,1
174,16860,,13083,"Dade County, GA",County or equivalent,16251,16224,16326,-27,102,38,138,67,237,-29,-99,0,0,3,201,3,201,-1,0
174,16860,,13295,"Walker County, GA",County or equivalent,67654,67711,68510,57,799,167,744,223,981,-56,-237,0,12,115,1031,115,1043,-2,-7
174,16860,,47065,"Hamilton County, TN",County or equivalent,366207,366991,369135,784,2144,1063,4114,1105,4456,-42,-342,-2,74,831,2369,829,2443,-3,43
174,16860,,47115,"Marion County, TN",County or equivalent,28837,28834,28877,-3,43,80,279,118,439,-38,-160,0,1,36,200,36,201,-1,2
174,16860,,47153,"Sequatchie County, TN",County or equivalent,15826,15863,16396,37,533,41,143,33,229,8,-86,0,1,30,628,30,629,-1,-10
174,17420,,,"Cleveland, TN",Metropolitan Statistical Area,126164,126310,127938,146,1628,330,1273,433,1662,-103,-389,0,34,251,1993,251,2027,-2,-10
174,17420,,47011,"Bradley County, TN",County or equivalent,108620,108741,110162,121,1421,295,1123,379,1360,-84,-237,0,33,207,1631,207,1664,-2,-6
174,17420,,47139,"Polk County, TN",County or equivalent,17544,17569,17776,25,207,35,150,54,302,-19,-152,0,1,44,362,44,363,0,-4
174,19140,,,"Dalton, GA",Metropolitan Statistical Area,142837,142665,142799,-172,134,399,1639,398,1485,1,154,1,-19,-179,-34,-178,-53,5,33
174,19140,,13213,"Murray County, GA",County or equivalent,39973,39938,39951,-35,13,101,433,142,490,-41,-57,0,-1,5,63,5,62,1,8
174,19140,,13313,"Whitfield County, GA",County or equivalent,102864,102727,102848,-137,121,298,1206,256,995,42,211,1,-18,-184,-97,-183,-115,4,25
174,19420,,,"Dayton, TN",Micropolitan Statistical Area,32870,32903,33136,33,233,81,364,113,506,-32,-142,0,7,66,367,66,374,-1,1
174,19420,,47143,"Rhea County, TN",County or equivalent,32870,32903,33136,33,233,81,364,113,506,-32,-142,0,7,66,367,66,374,-1,1
174,44900,,,"Summerville, GA",Micropolitan Statistical Area,24965,24921,24932,-44,11,57,285,98,350,-41,-65,0,4,-1,69,-1,73,-2,3
174,44900,,13055,"Chattooga County, GA",County or equivalent,24965,24921,24932,-44,11,57,285,98,350,-41,-65,0,4,-1,69,-1,73,-2,3
176,,,,"Chicago-Naperville, IL-IN-WI",Combined Statistical Area,9986960,9969175,9876339,-17785,-92836,26623,103867,23192,93857,3431,10010,58,4345,-21469,-107052,-21411,-102707,195,-139
176,16980,,,"Chicago-Naperville-Elgin, IL-IN-WI",Metropolitan Statistical Area,9618502,9601605,9509934,-16897,-91671,25664,100116,21923,88978,3741,11138,58,4284,-20902,-106897,-20844,-102613,206,-196
176,16980,16984,,"Chicago-Naperville-Evanston, IL",Metropolitan Division,7267535,7252081,7159394,-15454,-92687,19456,76016,16388,66871,3068,9145,-6,3878,-18680,-105184,-18686,-101306,164,-526
176,16980,16984,17031,"Cook County, IL",County or equivalent,5275541,5262741,5173146,-12800,-89595,14260,56201,12228,50008,2032,6193,-78,3177,-14860,-98205,-14938,-95028,106,-760
176,16980,16984,17043,"DuPage County, IL",County or equivalent,932877,931153,924885,-1724,-6268,2485,9480,1940,7878,545,1602,68,624,-2355,-8564,-2287,-7940,18,70
176,16980,16984,17063,"Grundy County, IL",County or equivalent,52533,52514,52989,-19,475,152,568,131,510,21,58,0,17,-41,396,-41,413,1,4
176,16980,16984,17111,"McHenry County, IL",County or equivalent,310229,309770,311122,-459,1352,751,2901,688,2560,63,341,2,-17,-532,987,-530,970,8,41
176,16980,16984,17197,"Will County, IL",County or equivalent,696355,695903,697252,-452,1349,1808,6866,1401,5915,407,951,2,77,-892,202,-890,279,31,119
176,16980,20994,,"Elgin, IL",Metropolitan Division,748811,748679,750869,-132,2190,2179,8214,1374,5885,805,2329,-9,87,-959,-326,-968,-239,31,100
176,16980,20994,17037,"DeKalb County, IL",County or equivalent,100420,100233,100414,-187,181,290,1089,218,884,72,205,5,66,-270,-104,-265,-38,6,14
176,16980,20994,17089,"Kane County, IL",County or equivalent,516522,516155,515588,-367,-567,1508,5633,970,4230,538,1403,-13,-7,-908,-2055,-921,-2062,16,92
176,16980,20994,17093,"Kendall County, IL",County or equivalent,131869,132291,134867,422,2576,381,1492,186,771,195,721,-1,28,219,1833,218,1861,9,-6
176,16980,23844,,"Gary, IN",Metropolitan Division,718663,718555,719700,-108,1145,1847,7494,2246,8713,-399,-1219,-2,133,310,2121,308,2254,-17,110
176,16980,23844,18073,"Jasper County, IN",County or equivalent,32918,32906,33091,-12,185,99,336,92,415,7,-79,0,1,-18,261,-18,262,-1,2
176,16980,23844,18089,"Lake County, IN",County or equivalent,498700,498597,498558,-103,-39,1338,5436,1651,6146,-313,-710,-2,102,224,472,222,574,-12,97
176,16980,23844,18111,"Newton County, IN",County or equivalent,13830,13796,13808,-34,12,32,141,45,191,-13,-50,0,9,-21,51,-21,60,0,2
176,16980,23844,18127,"Porter County, IN",County or equivalent,173215,173256,174243,41,987,378,1581,458,1961,-80,-380,0,21,125,1337,125,1358,-4,9
176,16980,29404,,"Lake County-Kenosha County, IL-WI",Metropolitan Division,883493,882290,879971,-1203,-2319,2182,8392,1915,7509,267,883,75,186,-1573,-3508,-1498,-3322,28,120
176,16980,29404,17097,"Lake County, IL",County or equivalent,714342,713217,711239,-1125,-1978,1724,6681,1443,5809,281,872,74,184,-1506,-3119,-1432,-2935,26,85
176,16980,29404,55059,"Kenosha County, WI",County or equivalent,169151,169073,168732,-78,-341,458,1711,472,1700,-14,11,1,2,-67,-389,-66,-387,2,35
176,28100,,,"Kankakee, IL",Metropolitan Statistical Area,107502,107236,106601,-266,-635,291,1207,330,1366,-39,-159,0,24,-228,-515,-228,-491,1,15
176,28100,,17091,"Kankakee County, IL",County or equivalent,107502,107236,106601,-266,-635,291,1207,330,1366,-39,-159,0,24,-228,-515,-228,-491,1,15
176,33140,,,"Michigan City-La Porte, IN",Metropolitan Statistical Area,112417,112222,112390,-195,168,276,1137,374,1464,-98,-327,0,23,-93,456,-93,479,-4,16
176,33140,,18091,"LaPorte County, IN",County or equivalent,112417,112222,112390,-195,168,276,1137,374,1464,-98,-327,0,23,-93,456,-93,479,-4,16
176,36837,,,"Ottawa, IL",Micropolitan Statistical Area,148539,148112,147414,-427,-698,392,1407,565,2049,-173,-642,0,14,-246,-96,-246,-82,-8,26
176,36837,,17011,"Bureau County, IL",County or equivalent,33244,33118,32883,-126,-235,86,312,153,456,-67,-144,0,3,-56,-100,-56,-97,-3,6
176,36837,,17099,"LaSalle County, IL",County or equivalent,109658,109359,108965,-299,-394,293,1055,398,1519,-105,-464,0,11,-189,39,-189,50,-5,20
176,36837,,17155,"Putnam County, IL",County or equivalent,5637,5635,5566,-2,-69,13,40,14,74,-1,-34,0,0,-1,-35,-1,-35,0,0
178,,,,"Cincinnati-Wilmington-Maysville, OH-KY-IN",Combined Statistical Area,2316022,2316714,2318870,692,2156,6723,26652,6296,26046,427,606,86,1527,183,-241,269,1286,-4,264
178,17140,,,"Cincinnati, OH-KY-IN",Metropolitan Statistical Area,2256884,2257667,2259935,783,2268,6567,25985,6062,25266,505,719,82,1509,198,-213,280,1296,-2,253
178,17140,,18029,"Dearborn County, IN",County or equivalent,50679,50726,50816,47,90,123,494,129,588,-6,-94,0,3,54,175,54,178,-1,6
178,17140,,18047,"Franklin County, IN",County or equivalent,22785,22767,22842,-18,75,56,248,64,277,-8,-29,0,8,-8,93,-8,101,-2,3
178,17140,,18115,"Ohio County, IN",County or equivalent,5940,5930,5978,-10,48,9,50,20,96,-11,-46,0,2,2,93,2,95,-1,-1
178,17140,,18161,"Union County, IN",County or equivalent,7087,7090,7047,3,-43,27,89,18,95,9,-6,0,2,-5,-39,-5,-37,-1,0
178,17140,,21015,"Boone County, KY",County or equivalent,135968,136403,137412,435,1009,407,1624,242,1264,165,360,0,87,267,538,267,625,3,24
178,17140,,21023,"Bracken County, KY",County or equivalent,8400,8390,8439,-10,49,32,92,30,105,2,-13,0,0,-11,61,-11,61,-1,1
178,17140,,21037,"Campbell County, KY",County or equivalent,93076,93086,93050,10,-36,253,998,246,1048,7,-50,0,20,4,-18,4,2,-1,12
178,17140,,21077,"Gallatin County, KY",County or equivalent,8690,8667,8775,-23,108,27,95,30,93,-3,2,0,1,-20,108,-20,109,0,-3
178,17140,,21081,"Grant County, KY",County or equivalent,24941,25008,25244,67,236,88,327,63,309,25,18,0,-1,41,218,41,217,1,1
178,17140,,21117,"Kenton County, KY",County or equivalent,169064,169183,169495,119,312,544,2188,424,1757,120,431,0,42,-3,-191,-3,-149,2,30
178,17140,,21191,"Pendleton County, KY",County or equivalent,14644,14640,14607,-4,-33,36,169,43,197,-7,-28,0,2,5,-10,5,-8,-2,3
178,17140,,39015,"Brown County, OH",County or equivalent,43676,43629,43662,-47,33,133,460,176,632,-43,-172,-1,2,-1,198,-2,200,-2,5
178,17140,,39017,"Butler County, OH",County or equivalent,390357,390600,390234,243,-366,1115,4299,1026,4387,89,-88,16,280,137,-624,153,-344,1,66
178,17140,,39025,"Clermont County, OH",County or equivalent,208601,208635,209642,34,1007,553,2175,560,2333,-7,-158,1,74,44,1065,45,1139,-4,26
178,17140,,39061,"Hamilton County, OH",County or equivalent,830639,829909,826139,-730,-3770,2568,10318,2371,9691,197,627,58,778,-988,-5268,-930,-4490,3,93
178,17140,,39165,"Warren County, OH",County or equivalent,242337,243004,246553,667,3549,596,2359,620,2394,-24,-35,8,209,680,3388,688,3597,3,-13
178,32500,,,"Maysville, KY",Micropolitan Statistical Area,17120,17085,16931,-35,-154,43,200,76,227,-33,-27,0,2,-1,-132,-1,-130,-1,3
178,32500,,21161,"Mason County, KY",County or equivalent,17120,17085,16931,-35,-154,43,200,76,227,-33,-27,0,2,-1,-132,-1,-130,-1,3
178,48940,,,"Wilmington, OH",Micropolitan Statistical Area,42018,41962,42004,-56,42,113,467,158,553,-45,-86,4,16,-14,104,-10,120,-1,8
178,48940,,39027,"Clinton County, OH",County or equivalent,42018,41962,42004,-56,42,113,467,158,553,-45,-86,4,16,-14,104,-10,120,-1,8
184,,,,"Cleveland-Akron-Canton, OH",Combined Statistical Area,3633962,3628892,3615968,-5070,-12924,9253,36704,11838,45930,-2585,-9226,129,1828,-2455,-5921,-2326,-4093,-159,395
184,10420,,,"Akron, OH",Metropolitan Statistical Area,702219,701305,700015,-914,-1290,1676,6883,2232,8723,-556,-1840,31,526,-365,-98,-334,428,-24,122
184,10420,,39133,"Portage County, OH",County or equivalent,161791,161775,162382,-16,607,330,1328,439,1727,-109,-399,9,143,89,843,98,986,-5,20
184,10420,,39153,"Summit County, OH",County or equivalent,540428,539530,537633,-898,-1897,1346,5555,1793,6996,-447,-1441,22,383,-454,-941,-432,-558,-19,102
184,11780,,,"Ashtabula, OH",Micropolitan Statistical Area,97574,97413,97337,-161,-76,239,1031,340,1317,-101,-286,0,12,-55,182,-55,194,-5,16
184,11780,,39007,"Ashtabula County, OH",County or equivalent,97574,97413,97337,-161,-76,239,1031,340,1317,-101,-286,0,12,-55,182,-55,194,-5,16
184,15940,,,"Canton-Massillon, OH",Metropolitan Statistical Area,401574,401046,400525,-528,-521,1101,4069,1442,5481,-341,-1412,2,52,-164,777,-162,829,-25,62
184,15940,,39019,"Carroll County, OH",County or equivalent,26721,26689,26691,-32,2,61,268,86,393,-25,-125,0,0,-4,126,-4,126,-3,1
184,15940,,39151,"Stark County, OH",County or equivalent,374853,374357,373834,-496,-523,1040,3801,1356,5088,-316,-1287,2,52,-160,651,-158,703,-22,61
184,17460,,,"Cleveland-Elyria, OH",Metropolitan Statistical Area,2088251,2085357,2075662,-2894,-9695,5264,20924,6549,25851,-1285,-4927,99,1177,-1619,-6089,-1520,-4912,-89,144
184,17460,,39035,"Cuyahoga County, OH",County or equivalent,1264817,1261696,1249387,-3121,-12309,3267,13253,4200,16137,-933,-2884,84,869,-2230,-10359,-2146,-9490,-42,65
184,17460,,39055,"Geauga County, OH",County or equivalent,95397,95334,95565,-63,231,247,890,243,1036,4,-146,0,38,-60,335,-60,373,-7,4
184,17460,,39085,"Lake County, OH",County or equivalent,232603,232410,232023,-193,-387,518,2048,748,2993,-230,-945,10,78,44,439,54,517,-17,41
184,17460,,39093,"Lorain County, OH",County or equivalent,312964,313367,315595,403,2228,827,3157,881,3749,-54,-592,1,145,470,2662,471,2807,-14,13
184,17460,,39103,"Medina County, OH",County or equivalent,182470,182550,183092,80,542,405,1576,477,1936,-72,-360,4,47,157,834,161,881,-9,21
184,35420,,,"New Philadelphia-Dover, OH",Micropolitan Statistical Area,93263,93063,92500,-200,-563,260,1079,382,1266,-122,-187,-1,29,-72,-415,-73,-386,-5,10
184,35420,,39157,"Tuscarawas County, OH",County or equivalent,93263,93063,92500,-200,-563,260,1079,382,1266,-122,-187,-1,29,-72,-415,-73,-386,-5,10
184,35940,,,"Norwalk, OH",Micropolitan Statistical Area,58565,58439,58367,-126,-72,156,653,197,755,-41,-102,0,-2,-84,20,-84,18,-1,12
184,35940,,39077,"Huron County, OH",County or equivalent,58565,58439,58367,-126,-72,156,653,197,755,-41,-102,0,-2,-84,20,-84,18,-1,12
184,41780,,,"Sandusky, OH",Micropolitan Statistical Area,75622,75429,74852,-193,-577,194,709,320,1151,-126,-442,-1,4,-59,-148,-60,-144,-7,9
184,41780,,39043,"Erie County, OH",County or equivalent,75622,75429,74852,-193,-577,194,709,320,1151,-126,-442,-1,4,-59,-148,-60,-144,-7,9
184,49300,,,"Wooster, OH",Micropolitan Statistical Area,116894,116840,116710,-54,-130,363,1356,376,1386,-13,-30,-1,30,-37,-150,-38,-120,-3,20
184,49300,,39169,"Wayne County, OH",County or equivalent,116894,116840,116710,-54,-130,363,1356,376,1386,-13,-30,-1,30,-37,-150,-38,-120,-3,20
185,,,,"Cleveland-Indianola, MS",Combined Statistical Area,56956,56675,55710,-281,-965,151,707,206,838,-55,-131,0,0,-228,-827,-228,-827,2,-7
185,17380,,,"Cleveland, MS",Micropolitan Statistical Area,30985,30849,30308,-136,-541,97,421,99,486,-2,-65,0,0,-135,-472,-135,-472,1,-4
185,17380,,28011,"Bolivar County, MS",County or equivalent,30985,30849,30308,-136,-541,97,421,99,486,-2,-65,0,0,-135,-472,-135,-472,1,-4
185,26940,,,"Indianola, MS",Micropolitan Statistical Area,25971,25826,25402,-145,-424,54,286,107,352,-53,-66,0,0,-93,-355,-93,-355,1,-3
185,26940,,28133,"Sunflower County, MS",County or equivalent,25971,25826,25402,-145,-424,54,286,107,352,-53,-66,0,0,-93,-355,-93,-355,1,-3
188,,,,"Clovis-Portales, NM",Combined Statistical Area,67621,67443,67018,-178,-425,242,1026,175,601,67,425,9,63,-258,-909,-249,-846,4,-4
188,17580,,,"Clovis, NM",Micropolitan Statistical Area,48430,48325,47999,-105,-326,195,802,125,422,70,380,9,33,-187,-733,-178,-700,3,-6
188,17580,,35009,"Curry County, NM",County or equivalent,48430,48325,47999,-105,-326,195,802,125,422,70,380,9,33,-187,-733,-178,-700,3,-6
188,38780,,,"Portales, NM",Micropolitan Statistical Area,19191,19118,19019,-73,-99,47,224,50,179,-3,45,0,30,-71,-176,-71,-146,1,2
188,38780,,35041,"Roosevelt County, NM",County or equivalent,19191,19118,19019,-73,-99,47,224,50,179,-3,45,0,30,-71,-176,-71,-146,1,2
190,,,,"Columbia-Moberly-Mexico, MO",Combined Statistical Area,260542,260688,262865,146,2177,689,2797,622,2376,67,421,6,269,67,1444,73,1713,6,43
190,17860,,,"Columbia, MO",Metropolitan Statistical Area,210864,211127,213123,263,1996,564,2265,450,1713,114,552,6,263,135,1145,141,1408,8,36
190,17860,,29019,"Boone County, MO",County or equivalent,183610,183894,185840,284,1946,491,1981,366,1420,125,561,6,261,146,1093,152,1354,7,31
190,17860,,29053,"Cooper County, MO",County or equivalent,17103,17089,17115,-14,26,51,175,55,198,-4,-23,0,1,-10,45,-10,46,0,3
190,17860,,29089,"Howard County, MO",County or equivalent,10151,10144,10168,-7,24,22,109,29,95,-7,14,0,1,-1,7,-1,8,1,2
190,33020,,,"Mexico, MO",Micropolitan Statistical Area,24962,24925,24982,-37,57,62,284,96,358,-34,-74,0,3,-1,124,-1,127,-2,4
190,33020,,29007,"Audrain County, MO",County or equivalent,24962,24925,24982,-37,57,62,284,96,358,-34,-74,0,3,-1,124,-1,127,-2,4
190,33620,,,"Moberly, MO",Micropolitan Statistical Area,24716,24636,24760,-80,124,63,248,76,305,-13,-57,0,3,-67,175,-67,178,0,3
190,33620,,29175,"Randolph County, MO",County or equivalent,24716,24636,24760,-80,124,63,248,76,305,-13,-57,0,3,-67,175,-67,178,0,3
192,,,,"Columbia-Orangeburg-Newberry, SC",Combined Statistical Area,951412,952440,959208,1028,6768,2450,10277,2594,10741,-144,-464,41,653,1130,6515,1171,7168,1,64
192,17900,,,"Columbia, SC",Metropolitan Statistical Area,829470,830767,838250,1297,7483,2135,8961,2142,8824,-7,137,41,636,1256,6652,1297,7288,7,58
192,17900,,45017,"Calhoun County, SC",County or equivalent,14119,14125,14165,6,40,20,123,40,223,-20,-100,0,2,27,139,27,141,-1,-1
192,17900,,45039,"Fairfield County, SC",County or equivalent,20948,20858,20690,-90,-168,45,182,100,355,-55,-173,0,1,-33,4,-33,5,-2,0
192,17900,,45055,"Kershaw County, SC",County or equivalent,65403,65536,66130,133,594,155,712,216,933,-61,-221,1,12,195,805,196,817,-2,-2
192,17900,,45063,"Lexington County, SC",County or equivalent,293991,294891,300137,900,5246,769,3031,798,3236,-29,-205,5,170,923,5317,928,5487,1,-36
192,17900,,45079,"Richland County, SC",County or equivalent,416147,416527,418307,380,1780,1098,4719,925,3830,173,889,35,445,159,353,194,798,13,93
192,17900,,45081,"Saluda County, SC",County or equivalent,18862,18830,18821,-32,-9,48,194,63,247,-15,-53,0,6,-15,34,-15,40,-2,4
192,35140,,,"Newberry, SC",Micropolitan Statistical Area,37719,37715,37996,-4,281,104,407,136,528,-32,-121,0,8,29,394,29,402,-1,0
192,35140,,45071,"Newberry County, SC",County or equivalent,37719,37715,37996,-4,281,104,407,136,528,-32,-121,0,8,29,394,29,402,-1,0
192,36700,,,"Orangeburg, SC",Micropolitan Statistical Area,84223,83958,82962,-265,-996,211,909,316,1389,-105,-480,0,9,-155,-531,-155,-522,-5,6
192,36700,,45075,"Orangeburg County, SC",County or equivalent,84223,83958,82962,-265,-996,211,909,316,1389,-105,-480,0,9,-155,-531,-155,-522,-5,6
194,,,,"Columbus-Auburn-Opelika, GA-AL",Combined Statistical Area,503124,503742,504754,618,1012,1448,5958,1180,5262,268,696,34,299,302,16,336,315,14,1
194,12220,,,"Auburn-Opelika, AL",Metropolitan Statistical Area,174241,174601,177218,360,2617,432,1813,368,1483,64,330,5,123,283,2154,288,2277,8,10
194,12220,,01081,"Lee County, AL",County or equivalent,174241,174601,177218,360,2617,432,1813,368,1483,64,330,5,123,283,2154,288,2277,8,10
194,17980,,,"Columbus, GA-AL",Metropolitan Statistical Area,328883,329141,327536,258,-1605,1016,4145,812,3779,204,366,29,176,19,-2138,48,-1962,6,-9
194,17980,,01113,"Russell County, AL",County or equivalent,59183,59226,58722,43,-504,173,826,158,763,15,63,2,14,26,-583,28,-569,0,2
194,17980,,13053,"Chattahoochee County, GA",County or equivalent,9565,9482,9048,-83,-434,44,152,4,43,40,109,11,-12,-137,-521,-126,-533,3,-10
194,17980,,13145,"Harris County, GA",County or equivalent,34668,34927,35626,259,699,72,286,56,406,16,-120,1,-1,243,831,244,830,-1,-11
194,17980,,13197,"Marion County, GA",County or equivalent,7498,7520,7440,22,-80,16,82,22,103,-6,-21,0,0,29,-58,29,-58,-1,-1
194,17980,,13215,"Muscogee County, GA",County or equivalent,206922,206960,205617,38,-1343,691,2720,544,2283,147,437,14,83,-128,-1875,-114,-1792,5,12
194,17980,,13259,"Stewart County, GA",County or equivalent,5314,5295,5341,-19,46,8,35,15,74,-7,-39,1,92,-14,-7,-13,85,1,0
194,17980,,13263,"Talbot County, GA",County or equivalent,5733,5731,5742,-2,11,12,44,13,107,-1,-63,0,0,0,75,0,75,-1,-1
198,,,,"Columbus-Marion-Zanesville, OH",Combined Statistical Area,2544048,2545891,2555732,1843,9841,7697,30022,6507,26131,1190,3891,186,2511,424,3314,610,5825,43,125
198,13340,,,"Bellefontaine, OH",Micropolitan Statistical Area,46150,46065,46035,-85,-30,105,496,115,621,-10,-125,-1,9,-72,78,-73,87,-2,8
198,13340,,39091,"Logan County, OH",County or equivalent,46150,46065,46035,-85,-30,105,496,115,621,-10,-125,-1,9,-72,78,-73,87,-2,8
198,15740,,,"Cambridge, OH",Micropolitan Statistical Area,38438,38390,38287,-48,-103,93,437,133,543,-40,-106,0,3,-7,-6,-7,-3,-1,6
198,15740,,39059,"Guernsey County, OH",County or equivalent,38438,38390,38287,-48,-103,93,437,133,543,-40,-106,0,3,-7,-6,-7,-3,-1,6
198,17060,,,"Chillicothe, OH",Micropolitan Statistical Area,77093,76985,76891,-108,-94,187,738,301,1059,-114,-321,0,3,9,210,9,213,-3,14
198,17060,,39141,"Ross County, OH",County or equivalent,77093,76985,76891,-108,-94,187,738,301,1059,-114,-321,0,3,9,210,9,213,-3,14
198,18140,,,"Columbus, OH",Metropolitan Statistical Area,2138926,2141042,2151017,2116,9975,6642,25733,5148,20766,1494,4967,187,2463,376,2487,563,4950,59,58
198,18140,,39041,"Delaware County, OH",County or equivalent,214124,215062,220740,938,5678,513,2065,372,1654,141,411,2,129,788,5194,790,5323,7,-56
198,18140,,39045,"Fairfield County, OH",County or equivalent,158921,159357,161064,436,1707,389,1715,434,1746,-45,-31,3,73,479,1669,482,1742,-1,-4
198,18140,,39049,"Franklin County, OH",County or equivalent,1323807,1324013,1321414,206,-2599,4491,17346,3091,12442,1400,4904,182,2166,-1431,-9799,-1249,-7633,55,130
198,18140,,39073,"Hocking County, OH",County or equivalent,28050,27999,28097,-51,98,73,286,101,393,-28,-107,0,0,-21,203,-21,203,-2,2
198,18140,,39089,"Licking County, OH",County or equivalent,178519,178680,180401,161,1721,495,1843,512,2009,-17,-166,-1,39,183,1843,182,1882,-4,5
198,18140,,39097,"Madison County, OH",County or equivalent,43824,43823,44386,-1,563,116,440,115,480,1,-40,0,9,-2,597,-2,606,0,-3
198,18140,,39117,"Morrow County, OH",County or equivalent,34950,34964,35151,14,187,96,355,93,401,3,-46,0,0,12,231,12,231,-1,2
198,18140,,39127,"Perry County, OH",County or equivalent,35408,35439,35460,31,21,111,405,99,465,12,-60,0,8,19,69,19,77,0,4
198,18140,,39129,"Pickaway County, OH",County or equivalent,58539,58628,59333,89,705,172,595,201,693,-29,-98,1,10,116,798,117,808,1,-5
198,18140,,39159,"Union County, OH",County or equivalent,62784,63077,64971,293,1894,186,683,130,483,56,200,0,29,233,1682,233,1711,4,-17
198,32020,,,"Marion, OH",Micropolitan Statistical Area,65359,65363,65291,4,-72,172,698,212,835,-40,-137,0,14,47,39,47,53,-3,12
198,32020,,39101,"Marion County, OH",County or equivalent,65359,65363,65291,4,-72,172,698,212,835,-40,-137,0,14,47,39,47,53,-3,12
198,34540,,,"Mount Vernon, OH",Micropolitan Statistical Area,62721,62765,62897,44,132,188,657,180,800,8,-143,0,2,39,263,39,265,-3,10
198,34540,,39083,"Knox County, OH",County or equivalent,62721,62765,62897,44,132,188,657,180,800,8,-143,0,2,39,263,39,265,-3,10
198,47920,,,"Washington Court House, OH",Micropolitan Statistical Area,28951,28939,28906,-12,-33,84,299,121,362,-37,-63,0,6,26,22,26,28,-1,2
198,47920,,39047,"Fayette County, OH",County or equivalent,28951,28939,28906,-12,-33,84,299,121,362,-37,-63,0,6,26,22,26,28,-1,2
198,49780,,,"Zanesville, OH",Micropolitan Statistical Area,86410,86342,86408,-68,66,226,964,297,1145,-71,-181,0,11,6,221,6,232,-3,15
198,49780,,39119,"Muskingum County, OH",County or equivalent,86410,86342,86408,-68,66,226,964,297,1145,-71,-181,0,11,6,221,6,232,-3,15
200,,,,"Columbus-West Point, MS",Combined Statistical Area,77515,77371,76685,-144,-686,238,989,272,1011,-34,-22,-1,11,-107,-679,-108,-668,-2,4
200,18060,,,"Columbus, MS",Micropolitan Statistical Area,58879,58726,58150,-153,-576,177,742,220,761,-43,-19,-1,9,-108,-570,-109,-561,-1,4
200,18060,,28087,"Lowndes County, MS",County or equivalent,58879,58726,58150,-153,-576,177,742,220,761,-43,-19,-1,9,-108,-570,-109,-561,-1,4
200,48500,,,"West Point, MS",Micropolitan Statistical Area,18636,18645,18535,9,-110,61,247,52,250,9,-3,0,2,1,-109,1,-107,-1,0
200,48500,,28025,"Clay County, MS",County or equivalent,18636,18645,18535,9,-110,61,247,52,250,9,-3,0,2,1,-109,1,-107,-1,0
204,,,,"Corpus Christi-Kingsville-Alice, TX",Combined Statistical Area,525875,525703,526866,-172,1163,1480,6275,1458,5794,22,481,3,208,-205,404,-202,612,8,70
204,10860,,,"Alice, TX",Micropolitan Statistical Area,48722,48621,48603,-101,-18,137,628,156,652,-19,-24,0,24,-84,-26,-84,-2,2,8
204,10860,,48131,"Duval County, TX",County or equivalent,9831,9808,9756,-23,-52,30,155,35,149,-5,6,0,5,-18,-63,-18,-58,0,0
204,10860,,48249,"Jim Wells County, TX",County or equivalent,38891,38813,38847,-78,34,107,473,121,503,-14,-30,0,19,-66,37,-66,56,2,8
204,18580,,,"Corpus Christi, TX",Metropolitan Statistical Area,421933,421862,422778,-71,916,1200,5090,1095,4388,105,702,1,154,-185,-13,-184,141,8,73
204,18580,,48355,"Nueces County, TX",County or equivalent,353178,353090,353079,-88,-11,1004,4258,905,3677,99,581,1,129,-194,-796,-193,-667,6,75
204,18580,,48409,"San Patricio County, TX",County or equivalent,68755,68772,69699,17,927,196,832,190,711,6,121,0,25,9,783,9,808,2,-2
204,28780,,,"Kingsville, TX",Micropolitan Statistical Area,31390,31304,30975,-86,-329,95,382,91,333,4,49,2,25,-94,-406,-92,-381,2,3
204,28780,,48261,"Kenedy County, TX",County or equivalent,350,346,340,-4,-6,0,2,1,2,-1,0,0,1,-3,-8,-3,-7,0,1
204,28780,,48273,"Kleberg County, TX",County or equivalent,31040,30958,30635,-82,-323,95,380,90,331,5,49,2,24,-91,-398,-89,-374,2,2
204,40530,,,"Rockport, TX",Micropolitan Statistical Area,23830,23916,24510,86,594,48,175,116,421,-68,-246,0,5,158,849,158,854,-4,-14
204,40530,,48007,"Aransas County, TX",County or equivalent,23830,23916,24510,86,594,48,175,116,421,-68,-246,0,5,158,849,158,854,-4,-14
206,,,,"Dallas-Fort Worth, TX-OK",Combined Statistical Area,8121108,8147573,8255035,26465,107462,24246,99297,15679,65411,8567,33886,599,8653,16752,66021,17351,74674,547,-1098
206,11980,,,"Athens, TX",Micropolitan Statistical Area,82150,82348,83667,198,1319,226,931,340,1333,-114,-402,-1,0,318,1738,317,1738,-5,-17
206,11980,,48213,"Henderson County, TX",County or equivalent,82150,82348,83667,198,1319,226,931,340,1333,-114,-402,-1,0,318,1738,317,1738,-5,-17
206,14300,,,"Bonham, TX",Micropolitan Statistical Area,35662,35732,36569,70,837,81,346,137,499,-56,-153,1,13,127,988,128,1001,-2,-11
206,14300,,48147,"Fannin County, TX",County or equivalent,35662,35732,36569,70,837,81,346,137,499,-56,-153,1,13,127,988,128,1001,-2,-11
206,18620,,,"Corsicana, TX",Micropolitan Statistical Area,52624,52784,53591,160,807,136,637,153,659,-17,-22,2,1,175,835,177,836,0,-7
206,18620,,48349,"Navarro County, TX",County or equivalent,52624,52784,53591,160,807,136,637,153,659,-17,-22,2,1,175,835,177,836,0,-7
206,19100,,,"Dallas-Fort Worth-Arlington, TX",Metropolitan Statistical Area,7637387,7662325,7759615,24938,97290,22961,93937,13999,58593,8962,35344,595,8602,14821,54319,15416,62921,560,-975
206,19100,19124,,"Dallas-Plano-Irving, TX",Metropolitan Division,5129966,5148585,5217380,18619,68795,15486,63425,8803,37639,6683,25786,430,6790,11082,37527,11512,44317,424,-1308
206,19100,19124,48085,"Collin County, TX",County or equivalent,1064465,1073149,1109462,8684,36313,2804,11297,1494,6467,1310,4830,143,1625,7131,30191,7274,31816,100,-333
206,19100,19124,48113,"Dallas County, TX",County or equivalent,2613539,2610957,2586050,-2582,-24907,8741,35991,4968,20305,3773,15686,218,4340,-6755,-44650,-6537,-40310,182,-283
206,19100,19124,48121,"Denton County, TX",County or equivalent,906422,913900,941647,7478,27747,2444,9905,1200,5773,1244,4132,61,730,6071,23087,6132,23817,102,-202
206,19100,19124,48139,"Ellis County, TX",County or equivalent,192455,194272,202678,1817,8406,553,2182,374,1735,179,447,0,11,1624,8072,1624,8083,14,-124
206,19100,19124,48231,"Hunt County, TX",County or equivalent,99956,100231,103394,275,3163,269,1160,276,1226,-7,-66,8,26,274,3250,282,3276,0,-47
206,19100,19124,48257,"Kaufman County, TX",County or equivalent,145310,146986,157768,1676,10782,411,1820,334,1353,77,467,1,12,1581,10498,1582,10510,17,-195
206,19100,19124,48397,"Rockwall County, TX",County or equivalent,107819,109090,116381,1271,7291,264,1070,157,780,107,290,-1,46,1156,7079,1155,7125,9,-124
206,19100,23104,,"Fort Worth-Arlington-Grapevine, TX",Metropolitan Division,2507421,2513740,2542235,6319,28495,7475,30512,5196,20954,2279,9558,165,1812,3739,16792,3904,18604,136,333
206,19100,23104,48251,"Johnson County, TX",County or equivalent,179927,180733,187280,806,6547,504,2114,469,1808,35,306,1,19,763,6312,764,6331,7,-90
206,19100,23104,48367,"Parker County, TX",County or equivalent,148222,149432,156764,1210,7332,400,1555,411,1490,-11,65,1,43,1214,7343,1215,7386,6,-119
206,19100,23104,48439,"Tarrant County, TX",County or equivalent,2110640,2114709,2126477,4069,11768,6396,26097,4108,16870,2288,9227,163,1746,1498,208,1661,1954,120,587
206,19100,23104,48497,"Wise County, TX",County or equivalent,68632,68866,71714,234,2848,175,746,208,786,-33,-40,0,4,264,2929,264,2933,3,-45
206,20460,,,"Durant, OK",Micropolitan Statistical Area,46067,46293,47105,226,812,136,585,125,699,11,-114,0,12,215,920,215,932,0,-6
206,20460,,40013,"Bryan County, OK",County or equivalent,46067,46293,47105,226,812,136,585,125,699,11,-114,0,12,215,920,215,932,0,-6
206,23620,,,"Gainesville, TX",Micropolitan Statistical Area,41668,41697,42244,29,547,121,490,148,518,-27,-28,0,8,57,568,57,576,-1,-1
206,23620,,48097,"Cooke County, TX",County or equivalent,41668,41697,42244,29,547,121,490,148,518,-27,-28,0,8,57,568,57,576,-1,-1
206,24180,,,"Granbury, TX",Micropolitan Statistical Area,61598,61953,64222,355,2269,122,553,244,878,-122,-325,0,0,481,2632,481,2632,-4,-38
206,24180,,48221,"Hood County, TX",County or equivalent,61598,61953,64222,355,2269,122,553,244,878,-122,-325,0,0,481,2632,481,2632,-4,-38
206,33420,,,"Mineral Wells, TX",Micropolitan Statistical Area,28409,28427,28686,18,259,67,318,113,426,-46,-108,0,3,64,366,64,369,0,-2
206,33420,,48363,"Palo Pinto County, TX",County or equivalent,28409,28427,28686,18,259,67,318,113,426,-46,-108,0,3,64,366,64,369,0,-2
206,43300,,,"Sherman-Denison, TX",Metropolitan Statistical Area,135543,136014,139336,471,3322,396,1500,420,1806,-24,-306,2,14,494,3655,496,3669,-1,-41
206,43300,,48181,"Grayson County, TX",County or equivalent,135543,136014,139336,471,3322,396,1500,420,1806,-24,-306,2,14,494,3655,496,3669,-1,-41
209,,,,"Davenport-Moline, IA-IL",Combined Statistical Area,474019,473057,470719,-962,-2338,1304,5122,1417,5606,-113,-484,-2,250,-834,-2157,-836,-1907,-13,53
209,17540,,,"Clinton, IA",Micropolitan Statistical Area,46460,46418,46463,-42,45,134,529,125,634,9,-105,0,6,-48,136,-48,142,-3,8
209,17540,,19045,"Clinton County, IA",County or equivalent,46460,46418,46463,-42,45,134,529,125,634,9,-105,0,6,-48,136,-48,142,-3,8
209,19340,,,"Davenport-Moline-Rock Island, IA-IL",Metropolitan Statistical Area,384324,383526,381568,-798,-1958,1067,4134,1163,4515,-96,-381,0,213,-692,-1835,-692,-1622,-10,45
209,19340,,17073,"Henry County, IL",County or equivalent,49284,49138,48907,-146,-231,127,503,171,640,-44,-137,0,2,-99,-101,-99,-99,-3,5
209,19340,,17131,"Mercer County, IL",County or equivalent,15699,15633,15582,-66,-51,38,124,45,202,-7,-78,0,0,-58,25,-58,25,-1,2
209,19340,,17161,"Rock Island County, IL",County or equivalent,144672,144267,142909,-405,-1358,377,1548,469,1768,-92,-220,1,99,-308,-1243,-307,-1144,-6,6
209,19340,,19163,"Scott County, IA",County or equivalent,174669,174488,174170,-181,-318,525,1959,478,1905,47,54,-1,112,-227,-516,-228,-404,0,32
209,34700,,,"Muscatine, IA",Micropolitan Statistical Area,43235,43113,42688,-122,-425,103,459,129,457,-26,2,-2,31,-94,-458,-96,-427,0,0
209,34700,,19139,"Muscatine County, IA",County or equivalent,43235,43113,42688,-122,-425,103,459,129,457,-26,2,-2,31,-94,-458,-96,-427,0,0
212,,,,"Dayton-Springfield-Kettering, OH",Combined Statistical Area,1088875,1087900,1087422,-975,-478,3001,12047,3744,14424,-743,-2377,22,678,-213,1036,-191,1714,-41,185
212,19430,,,"Dayton-Kettering, OH",Metropolitan Statistical Area,814049,813475,813516,-574,41,2187,8988,2695,10579,-508,-1591,23,629,-61,860,-38,1489,-28,143
212,19430,,39057,"Greene County, OH",County or equivalent,167966,168025,168412,59,387,411,1616,439,1900,-28,-284,2,137,91,507,93,644,-6,27
212,19430,,39109,"Miami County, OH",County or equivalent,108774,108821,109264,47,443,296,1156,355,1345,-59,-189,0,22,111,600,111,622,-5,10
212,19430,,39113,"Montgomery County, OH",County or equivalent,537309,536629,535840,-680,-789,1480,6216,1901,7334,-421,-1118,21,470,-263,-247,-242,223,-17,106
212,24820,,,"Greenville, OH",Micropolitan Statistical Area,51881,51882,51597,1,-285,176,567,186,711,-10,-144,0,5,14,-153,14,-148,-3,7
212,24820,,39037,"Darke County, OH",County or equivalent,51881,51882,51597,1,-285,176,567,186,711,-10,-144,0,5,14,-153,14,-148,-3,7
212,43380,,,"Sidney, OH",Micropolitan Statistical Area,48230,48119,47977,-111,-142,179,567,184,585,-5,-18,0,10,-106,-141,-106,-131,0,7
212,43380,,39149,"Shelby County, OH",County or equivalent,48230,48119,47977,-111,-142,179,567,184,585,-5,-18,0,10,-106,-141,-106,-131,0,7
212,44220,,,"Springfield, OH",Metropolitan Statistical Area,136001,135719,135633,-282,-86,348,1548,543,2032,-195,-484,-1,33,-79,343,-80,376,-7,22
212,44220,,39023,"Clark County, OH",County or equivalent,136001,135719,135633,-282,-86,348,1548,543,2032,-195,-484,-1,33,-79,343,-80,376,-7,22
212,46500,,,"Urbana, OH",Micropolitan Statistical Area,38714,38705,38699,-9,-6,111,377,136,517,-25,-140,0,1,19,127,19,128,-3,6
212,46500,,39021,"Champaign County, OH",County or equivalent,38714,38705,38699,-9,-6,111,377,136,517,-25,-140,0,1,19,127,19,128,-3,6
216,,,,"Denver-Aurora, CO",Combined Statistical Area,3623560,3631458,3642145,7898,10687,9793,38959,6840,28339,2953,10620,73,1349,4707,-1480,4780,-131,165,198
216,14500,,,"Boulder, CO",Metropolitan Statistical Area,330758,330811,329543,53,-1268,605,2415,550,2319,55,96,8,191,-11,-1604,-3,-1413,1,49
216,14500,,08013,"Boulder County, CO",County or equivalent,330758,330811,329543,53,-1268,605,2415,550,2319,55,96,8,191,-11,-1604,-3,-1413,1,49
216,19740,,,"Denver-Aurora-Lakewood, CO",Metropolitan Statistical Area,2963821,2969289,2972566,5468,3277,8054,32211,5732,23680,2322,8531,67,1059,2943,-6507,3010,-5448,136,194
216,19740,,08001,"Adams County, CO",County or equivalent,519572,520163,522140,591,1977,1590,6252,1005,3902,585,2350,11,149,-43,-617,-32,-468,38,95
216,19740,,08005,"Arapahoe County, CO",County or equivalent,655070,655112,654900,42,-212,1844,7173,1258,5228,586,1945,39,435,-602,-2720,-563,-2285,19,128
216,19740,,08014,"Broomfield County, CO",County or equivalent,74112,74513,75325,401,812,164,619,117,504,47,115,0,28,350,662,350,690,4,7
216,19740,,08019,"Clear Creek County, CO",County or equivalent,9397,9404,9446,7,42,20,55,13,63,7,-8,0,2,0,49,0,51,0,-1
216,19740,,08031,"Denver County, CO",County or equivalent,715522,717630,711463,2108,-6167,2115,8755,1490,6019,625,2736,5,248,1418,-9115,1423,-8867,60,-36
216,19740,,08035,"Douglas County, CO",County or equivalent,357978,360102,368990,2124,8888,820,3446,465,2065,355,1381,4,104,1742,7452,1746,7556,23,-49
216,19740,,08039,"Elbert County, CO",County or equivalent,26062,26206,27128,144,922,44,231,38,200,6,31,0,5,138,902,138,907,0,-16
216,19740,,08047,"Gilpin County, CO",County or equivalent,5808,5810,5873,2,63,7,36,8,39,-1,-3,0,5,3,60,3,65,0,1
216,19740,,08059,"Jefferson County, CO",County or equivalent,582910,582928,579581,18,-3347,1404,5516,1314,5518,90,-2,8,82,-73,-3496,-65,-3414,-7,69
216,19740,,08093,"Park County, CO",County or equivalent,17390,17421,17720,31,299,46,128,24,142,22,-14,0,1,10,316,10,317,-1,-4
216,24540,,,"Greeley, CO",Metropolitan Statistical Area,328981,331358,340036,2377,8678,1134,4333,558,2340,576,1993,-2,99,1775,6631,1773,6730,28,-45
216,24540,,08123,"Weld County, CO",County or equivalent,328981,331358,340036,2377,8678,1134,4333,558,2340,576,1993,-2,99,1775,6631,1773,6730,28,-45
217,,,,"DeRidder-Fort Polk South, LA",Combined Statistical Area,85299,85155,84611,-144,-544,279,1290,215,914,64,376,3,14,-213,-929,-210,-915,2,-5
217,19760,,,"DeRidder, LA",Micropolitan Statistical Area,36549,36573,36584,24,11,86,476,96,464,-10,12,1,10,34,-17,35,-7,-1,6
217,19760,,22011,"Beauregard Parish, LA",County or equivalent,36549,36573,36584,24,11,86,476,96,464,-10,12,1,10,34,-17,35,-7,-1,6
217,22860,,,"Fort Polk South, LA",Micropolitan Statistical Area,48750,48582,48027,-168,-555,193,814,119,450,74,364,2,4,-247,-912,-245,-908,3,-11
217,22860,,22115,"Vernon Parish, LA",County or equivalent,48750,48582,48027,-168,-555,193,814,119,450,74,364,2,4,-247,-912,-245,-908,3,-11
218,,,,"Des Moines-Ames-West Des Moines, IA",Combined Statistical Area,890322,891674,900705,1352,9031,2631,10287,2044,8118,587,2169,58,940,686,5860,744,6800,21,62
218,11180,,,"Ames, IA",Metropolitan Statistical Area,125252,125306,126195,54,889,271,1013,219,972,52,41,13,258,-12,569,1,827,1,21
218,11180,,19015,"Boone County, IA",County or equivalent,26715,26691,26723,-24,32,54,247,74,348,-20,-101,0,3,-2,127,-2,130,-2,3
218,11180,,19169,"Story County, IA",County or equivalent,98537,98615,99472,78,857,217,766,145,624,72,142,13,255,-10,442,3,697,3,18
218,19780,,,"Des Moines-West Des Moines, IA",Metropolitan Statistical Area,709466,710843,719146,1377,8303,2212,8677,1648,6508,564,2169,45,670,747,5426,792,6096,21,38
218,19780,,19049,"Dallas County, IA",County or equivalent,99678,100486,103796,808,3310,338,1209,162,672,176,537,1,73,621,2727,622,2800,10,-27
218,19780,,19077,"Guthrie County, IA",County or equivalent,10623,10612,10567,-11,-45,20,91,35,162,-15,-71,0,6,5,19,5,25,-1,1
218,19780,,19099,"Jasper County, IA",County or equivalent,37813,37802,37764,-11,-38,112,370,114,489,-2,-119,0,7,-8,68,-8,75,-1,6
218,19780,,19121,"Madison County, IA",County or equivalent,16548,16626,16773,78,147,50,172,30,171,20,1,0,1,60,143,60,144,-2,2
218,19780,,19153,"Polk County, IA",County or equivalent,492401,492769,496844,368,4075,1563,6288,1173,4480,390,1808,44,579,-81,1626,-37,2205,15,62
218,19780,,19181,"Warren County, IA",County or equivalent,52403,52548,53402,145,854,129,547,134,534,-5,13,0,4,150,843,150,847,0,-6
218,36820,,,"Oskaloosa, IA",Micropolitan Statistical Area,22190,22148,21984,-42,-164,53,258,70,269,-17,-11,0,16,-25,-170,-25,-154,0,1
218,36820,,19123,"Mahaska County, IA",County or equivalent,22190,22148,21984,-42,-164,53,258,70,269,-17,-11,0,16,-25,-170,-25,-154,0,1
218,37800,,,"Pella, IA",Micropolitan Statistical Area,33414,33377,33380,-37,3,95,339,107,369,-12,-30,0,-4,-24,35,-24,31,-1,2
218,37800,,19125,"Marion County, IA",County or equivalent,33414,33377,33380,-37,3,95,339,107,369,-12,-30,0,-4,-24,35,-24,31,-1,2
220,,,,"Detroit-Warren-Ann Arbor, MI",Combined Statistical Area,5424742,5417062,5393033,-7680,-24029,14508,56535,15718,62554,-1210,-6019,245,2632,-6663,-21397,-6418,-18765,-52,755
220,10300,,,"Adrian, MI",Micropolitan Statistical Area,99423,99214,98956,-209,-258,227,945,324,1270,-97,-325,0,31,-108,15,-108,46,-4,21
220,10300,,26091,"Lenawee County, MI",County or equivalent,99423,99214,98956,-209,-258,227,945,324,1270,-97,-325,0,31,-108,15,-108,46,-4,21
220,11460,,,"Ann Arbor, MI",Metropolitan Statistical Area,372258,371656,369390,-602,-2266,895,3367,745,3020,150,347,15,375,-779,-3019,-764,-2644,12,31
220,11460,,26161,"Washtenaw County, MI",County or equivalent,372258,371656,369390,-602,-2266,895,3367,745,3020,150,347,15,375,-779,-3019,-764,-2644,12,31
220,19820,,,"Detroit-Warren-Dearborn, MI",Metropolitan Statistical Area,4392041,4385748,4365205,-6293,-20543,11951,46383,12716,50849,-765,-4466,231,2159,-5719,-18841,-5488,-16682,-40,605
220,19820,19804,,"Detroit-Dearborn-Livonia, MI",Metropolitan Division,1793561,1790225,1774816,-3336,-15409,5466,21470,5519,21853,-53,-383,87,701,-3390,-15857,-3303,-15156,20,130
220,19820,19804,26163,"Wayne County, MI",County or equivalent,1793561,1790225,1774816,-3336,-15409,5466,21470,5519,21853,-53,-383,87,701,-3390,-15857,-3303,-15156,20,130
220,19820,47664,,"Warren-Troy-Farmington Hills, MI",Metropolitan Division,2598480,2595523,2590389,-2957,-5134,6485,24913,7197,28996,-712,-4083,144,1458,-2329,-2984,-2185,-1526,-60,475
220,19820,47664,26087,"Lapeer County, MI",County or equivalent,88619,88528,88513,-91,-15,188,765,283,1090,-95,-325,0,23,8,278,8,301,-4,9
220,19820,47664,26093,"Livingston County, MI",County or equivalent,193866,193973,195014,107,1041,470,1659,428,1929,42,-270,0,19,73,1277,73,1296,-8,15
220,19820,47664,26099,"Macomb County, MI",County or equivalent,881217,880349,876792,-868,-3557,2265,8715,2671,10526,-406,-1811,34,250,-476,-2167,-442,-1917,-20,171
220,19820,47664,26125,"Oakland County, MI",County or equivalent,1274395,1272408,1270017,-1987,-2391,3179,12316,3257,13259,-78,-943,110,1150,-2001,-2855,-1891,-1705,-18,257
220,19820,47664,26147,"St. Clair County, MI",County or equivalent,160383,160265,160053,-118,-212,383,1458,558,2192,-175,-734,0,16,67,483,67,499,-10,23
220,22420,,,"Flint, MI",Metropolitan Statistical Area,406211,405648,404208,-563,-1440,1071,4387,1477,5581,-406,-1194,-1,52,-145,-383,-146,-331,-11,85
220,22420,,26049,"Genesee County, MI",County or equivalent,406211,405648,404208,-563,-1440,1071,4387,1477,5581,-406,-1194,-1,52,-145,-383,-146,-331,-11,85
220,33780,,,"Monroe, MI",Metropolitan Statistical Area,154809,154796,155274,-13,478,364,1453,456,1834,-92,-381,0,15,88,831,88,846,-9,13
220,33780,,26115,"Monroe County, MI",County or equivalent,154809,154796,155274,-13,478,364,1453,456,1834,-92,-381,0,15,88,831,88,846,-9,13
221,,,,"Dixon-Sterling, IL",Combined Statistical Area,89836,89530,89354,-306,-176,200,883,299,1260,-99,-377,0,14,-203,180,-203,194,-4,7
221,19940,,,"Dixon, IL",Micropolitan Statistical Area,34145,34021,34049,-124,28,68,285,114,490,-46,-205,0,2,-77,231,-77,233,-1,0
221,19940,,17103,"Lee County, IL",County or equivalent,34145,34021,34049,-124,28,68,285,114,490,-46,-205,0,2,-77,231,-77,233,-1,0
221,44580,,,"Sterling, IL",Micropolitan Statistical Area,55691,55509,55305,-182,-204,132,598,185,770,-53,-172,0,12,-126,-51,-126,-39,-3,7
221,44580,,17195,"Whiteside County, IL",County or equivalent,55691,55509,55305,-182,-204,132,598,185,770,-53,-172,0,12,-126,-51,-126,-39,-3,7
222,,,,"Dothan-Ozark, AL",Combined Statistical Area,200333,200246,200960,-87,714,558,2356,688,2712,-130,-356,-4,36,54,1009,50,1045,-7,25
222,20020,,,"Dothan, AL",Metropolitan Statistical Area,151007,151032,151618,25,586,401,1719,518,2060,-117,-341,0,18,148,894,148,912,-6,15
222,20020,,01061,"Geneva County, AL",County or equivalent,26659,26675,26701,16,26,75,259,113,395,-38,-136,0,2,56,160,56,162,-2,0
222,20020,,01067,"Henry County, AL",County or equivalent,17146,17167,17459,21,292,42,169,65,247,-23,-78,0,0,45,373,45,373,-1,-3
222,20020,,01069,"Houston County, AL",County or equivalent,107202,107190,107458,-12,268,284,1291,340,1418,-56,-127,0,16,47,361,47,377,-3,18
222,37120,,,"Ozark, AL",Micropolitan Statistical Area,49326,49214,49342,-112,128,157,637,170,652,-13,-15,-4,18,-94,115,-98,133,-1,10
222,37120,,01045,"Dale County, AL",County or equivalent,49326,49214,49342,-112,128,157,637,170,652,-13,-15,-4,18,-94,115,-98,133,-1,10
232,,,,"Eau Claire-Menomonie, WI",Combined Statistical Area,217447,217537,218864,90,1327,555,2150,484,2068,71,82,1,67,22,1146,23,1213,-4,32
232,20740,,,"Eau Claire, WI",Metropolitan Statistical Area,172007,172097,173317,90,1220,436,1743,394,1710,42,33,1,50,50,1116,51,1166,-3,21
232,20740,,55017,"Chippewa County, WI",County or equivalent,66297,66279,66865,-18,586,154,644,161,702,-7,-58,0,2,-8,639,-8,641,-3,3
232,20740,,55035,"Eau Claire County, WI",County or equivalent,105710,105818,106452,108,634,282,1099,233,1008,49,91,1,48,58,477,59,525,0,18
232,32860,,,"Menomonie, WI",Micropolitan Statistical Area,45440,45440,45547,0,107,119,407,90,358,29,49,0,17,-28,30,-28,47,-1,11
232,32860,,55033,"Dunn County, WI",County or equivalent,45440,45440,45547,0,107,119,407,90,358,29,49,0,17,-28,30,-28,47,-1,11
233,,,,"Edwards-Glenwood Springs, CO",Combined Statistical Area,134774,134783,135236,9,453,362,1377,150,642,212,735,5,54,-215,-353,-210,-299,7,17
233,20780,,,"Edwards, CO",Micropolitan Statistical Area,55731,55665,55727,-66,62,140,513,35,163,105,350,4,19,-180,-314,-176,-295,5,7
233,20780,,08037,"Eagle County, CO",County or equivalent,55731,55665,55727,-66,62,140,513,35,163,105,350,4,19,-180,-314,-176,-295,5,7
233,24060,,,"Glenwood Springs, CO",Micropolitan Statistical Area,79043,79118,79509,75,391,222,864,115,479,107,385,1,35,-35,-39,-34,-4,2,10
233,24060,,08045,"Garfield County, CO",County or equivalent,61685,61776,62161,91,385,191,731,100,424,91,307,1,12,-3,56,-2,68,2,10
233,24060,,08097,"Pitkin County, CO",County or equivalent,17358,17342,17348,-16,6,31,133,15,55,16,78,0,23,-32,-95,-32,-72,0,0
236,,,,"Elmira-Corning, NY",Combined Statistical Area,177732,177245,175993,-487,-1252,463,1824,623,2419,-160,-595,1,47,-320,-724,-319,-677,-8,20
236,18500,,,"Corning, NY",Micropolitan Statistical Area,93584,93363,92948,-221,-415,244,985,304,1226,-60,-241,1,36,-157,-222,-156,-186,-5,12
236,18500,,36101,"Steuben County, NY",County or equivalent,93584,93363,92948,-221,-415,244,985,304,1226,-60,-241,1,36,-157,-222,-156,-186,-5,12
236,21300,,,"Elmira, NY",Metropolitan Statistical Area,84148,83882,83045,-266,-837,219,839,319,1193,-100,-354,0,11,-163,-502,-163,-491,-3,8
236,21300,,36015,"Chemung County, NY",County or equivalent,84148,83882,83045,-266,-837,219,839,319,1193,-100,-354,0,11,-163,-502,-163,-491,-3,8
238,,,,"El Paso-Las Cruces, TX-NM",Combined Statistical Area,1088420,1089188,1092742,768,3554,3402,13532,2300,8973,1102,4559,-62,66,-314,-1296,-376,-1230,42,225
238,21340,,,"El Paso, TX",Metropolitan Statistical Area,868859,869289,871234,430,1945,2803,11026,1728,6798,1075,4228,-79,-118,-608,-2353,-687,-2471,42,188
238,21340,,48141,"El Paso County, TX",County or equivalent,865657,866093,867947,436,1854,2790,10986,1717,6772,1073,4214,-79,-152,-600,-2397,-679,-2549,42,189
238,21340,,48229,"Hudspeth County, TX",County or equivalent,3202,3196,3287,-6,91,13,40,11,26,2,14,0,34,-8,44,-8,78,0,-1
238,29740,,,"Las Cruces, NM",Metropolitan Statistical Area,219561,219899,221508,338,1609,599,2506,572,2175,27,331,17,184,294,1057,311,1241,0,37
238,29740,,35013,"Doña Ana County, NM",County or equivalent,219561,219899,221508,338,1609,599,2506,572,2175,27,331,17,184,294,1057,311,1241,0,37
240,,,,"Erie-Meadville, PA",Combined Statistical Area,354814,354150,352362,-664,-1788,923,3470,1136,4700,-213,-1230,4,149,-439,-763,-435,-614,-16,56
240,21500,,,"Erie, PA",Metropolitan Statistical Area,270876,270427,269011,-449,-1416,700,2641,851,3483,-151,-842,4,142,-292,-761,-288,-619,-10,45
240,21500,,42049,"Erie County, PA",County or equivalent,270876,270427,269011,-449,-1416,700,2641,851,3483,-151,-842,4,142,-292,-761,-288,-619,-10,45
240,32740,,,"Meadville, PA",Micropolitan Statistical Area,83938,83723,83351,-215,-372,223,829,285,1217,-62,-388,0,7,-147,-2,-147,5,-6,11
240,32740,,42039,"Crawford County, PA",County or equivalent,83938,83723,83351,-215,-372,223,829,285,1217,-62,-388,0,7,-147,-2,-147,5,-6,11
244,,,,"Fargo-Wahpeton, ND-MN",Combined Statistical Area,272878,273224,275091,346,1867,937,3299,547,2269,390,1030,-7,172,-52,616,-59,788,15,49
244,22020,,,"Fargo, ND-MN",Metropolitan Statistical Area,249843,250219,252136,376,1917,874,3079,494,2009,380,1070,-7,174,-12,626,-19,800,15,47
244,22020,,27027,"Clay County, MN",County or equivalent,65318,65351,65574,33,223,218,801,120,587,98,214,-2,47,-68,-50,-70,-3,5,12
244,22020,,38017,"Cass County, ND",County or equivalent,184525,184868,186562,343,1694,656,2278,374,1422,282,856,-5,127,56,676,51,803,10,35
244,47420,,,"Wahpeton, ND-MN",Micropolitan Statistical Area,23035,23005,22955,-30,-50,63,220,53,260,10,-40,0,-2,-40,-10,-40,-12,0,2
244,47420,,27167,"Wilkin County, MN",County or equivalent,6506,6481,6395,-25,-86,16,57,27,95,-11,-38,0,0,-14,-48,-14,-48,0,0
244,47420,,38077,"Richland County, ND",County or equivalent,16529,16524,16560,-5,36,47,163,26,165,21,-2,0,-2,-26,38,-26,36,0,2
246,,,,"Fayetteville-Sanford-Lumberton, NC",Combined Statistical Area,834094,834380,842044,286,7664,2841,11570,2336,9375,505,2195,0,335,-239,5053,-239,5388,20,81
246,22180,,,"Fayetteville, NC",Metropolitan Statistical Area,520378,520354,524588,-24,4234,1881,7592,1214,5039,667,2553,-3,249,-715,1344,-718,1593,27,88
246,22180,,37051,"Cumberland County, NC",County or equivalent,334728,334370,335508,-358,1138,1228,4977,799,3264,429,1713,-5,218,-800,-866,-805,-648,18,73
246,22180,,37085,"Harnett County, NC",County or equivalent,133568,133761,135966,193,2205,454,1808,305,1325,149,483,-1,22,41,1690,40,1712,4,10
246,22180,,37093,"Hoke County, NC",County or equivalent,52082,52223,53114,141,891,199,807,110,450,89,357,3,9,44,520,47,529,5,5
246,29900,,,"Laurinburg, NC",Micropolitan Statistical Area,34174,34110,34227,-64,117,88,389,129,485,-41,-96,0,7,-23,204,-23,211,0,2
246,29900,,37165,"Scotland County, NC",County or equivalent,34174,34110,34227,-64,117,88,389,129,485,-41,-96,0,7,-23,204,-23,211,0,2
246,31300,,,"Lumberton, NC",Micropolitan Statistical Area,116530,116361,116328,-169,-33,408,1682,444,1761,-36,-79,0,31,-135,-8,-135,23,2,23
246,31300,,37155,"Robeson County, NC",County or equivalent,116530,116361,116328,-169,-33,408,1682,444,1761,-36,-79,0,31,-135,-8,-135,23,2,23
246,38240,,,"Pinehurst-Southern Pines, NC",Micropolitan Statistical Area,99727,100168,102763,441,2595,276,1143,374,1393,-98,-250,3,11,543,2870,546,2881,-7,-36
246,38240,,37125,"Moore County, NC",County or equivalent,99727,100168,102763,441,2595,276,1143,374,1393,-98,-250,3,11,543,2870,546,2881,-7,-36
246,41820,,,"Sanford, NC",Micropolitan Statistical Area,63285,63387,64138,102,751,188,764,175,697,13,67,0,37,91,643,91,680,-2,4
246,41820,,37105,"Lee County, NC",County or equivalent,63285,63387,64138,102,751,188,764,175,697,13,67,0,37,91,643,91,680,-2,4
258,,,,"Fort Wayne-Huntington-Auburn, IN",Combined Statistical Area,645409,645905,649105,496,3200,2084,8273,1787,7051,297,1222,10,276,193,1597,203,1873,-4,105
258,11420,,,"Angola, IN",Micropolitan Statistical Area,34435,34440,34632,5,192,104,343,108,423,-4,-80,1,7,11,262,12,269,-3,3
258,11420,,18151,"Steuben County, IN",County or equivalent,34435,34440,34632,5,192,104,343,108,423,-4,-80,1,7,11,262,12,269,-3,3
258,12140,,,"Auburn, IN",Micropolitan Statistical Area,43265,43274,43333,9,59,125,519,116,510,9,9,0,2,0,39,0,41,0,9
258,12140,,18033,"DeKalb County, IN",County or equivalent,43265,43274,43333,9,59,125,519,116,510,9,9,0,2,0,39,0,41,0,9
258,14160,,,"Bluffton, IN",Micropolitan Statistical Area,28180,28179,28197,-1,18,91,316,73,331,18,-15,0,2,-16,27,-16,29,-3,4
258,14160,,18179,"Wells County, IN",County or equivalent,28180,28179,28197,-1,18,91,316,73,331,18,-15,0,2,-16,27,-16,29,-3,4
258,19540,,,"Decatur, IN",Micropolitan Statistical Area,35809,35826,35961,17,135,169,647,102,353,67,294,0,0,-50,-164,-50,-164,0,5
258,19540,,18001,"Adams County, IN",County or equivalent,35809,35826,35961,17,135,169,647,102,353,67,294,0,0,-50,-164,-50,-164,0,5
258,23060,,,"Fort Wayne, IN",Metropolitan Statistical Area,419601,420208,423038,607,2830,1351,5469,1107,4387,244,1082,8,248,350,1427,358,1675,5,73
258,23060,,18003,"Allen County, IN",County or equivalent,385410,385892,388608,482,2716,1275,5090,1032,3989,243,1101,8,245,226,1299,234,1544,5,71
258,23060,,18183,"Whitley County, IN",County or equivalent,34191,34316,34430,125,114,76,379,75,398,1,-19,0,3,124,128,124,131,0,2
258,26540,,,"Huntington, IN",Micropolitan Statistical Area,36662,36599,36717,-63,118,103,378,123,490,-20,-112,-1,6,-41,221,-42,227,-1,3
258,26540,,18069,"Huntington County, IN",County or equivalent,36662,36599,36717,-63,118,103,378,123,490,-20,-112,-1,6,-41,221,-42,227,-1,3
258,28340,,,"Kendallville, IN",Micropolitan Statistical Area,47457,47379,47227,-78,-152,141,601,158,557,-17,44,2,11,-61,-215,-59,-204,-2,8
258,28340,,18113,"Noble County, IN",County or equivalent,47457,47379,47227,-78,-152,141,601,158,557,-17,44,2,11,-61,-215,-59,-204,-2,8
260,,,,"Fresno-Madera-Hanford, CA",Combined Statistical Area,1317395,1318213,1326434,818,8221,4504,18062,2875,11250,1629,6812,-40,-156,-838,1265,-878,1109,67,300
260,23420,,,"Fresno, CA",Metropolitan Statistical Area,1008654,1008966,1013581,312,4615,3428,13817,2277,8865,1151,4952,-35,9,-856,-617,-891,-608,52,271
260,23420,,06019,"Fresno County, CA",County or equivalent,1008654,1008966,1013581,312,4615,3428,13817,2277,8865,1151,4952,-35,9,-856,-617,-891,-608,52,271
260,25260,,,"Hanford-Corcoran, CA",Metropolitan Statistical Area,152486,152627,153443,141,816,542,2176,262,1083,280,1093,-3,-71,-147,-245,-150,-316,11,39
260,25260,,06031,"Kings County, CA",County or equivalent,152486,152627,153443,141,816,542,2176,262,1083,280,1093,-3,-71,-147,-245,-150,-316,11,39
260,31460,,,"Madera, CA",Metropolitan Statistical Area,156255,156620,159410,365,2790,534,2069,336,1302,198,767,-2,-94,165,2127,163,2033,4,-10
260,31460,,06039,"Madera County, CA",County or equivalent,156255,156620,159410,365,2790,534,2069,336,1302,198,767,-2,-94,165,2127,163,2033,4,-10
264,,,,"Gainesville-Lake City, FL",Combined Statistical Area,408945,409552,412141,607,2589,952,3925,1016,4451,-64,-526,12,399,663,2670,675,3069,-4,46
264,23540,,,"Gainesville, FL",Metropolitan Statistical Area,339247,339663,341756,416,2093,770,3170,785,3421,-15,-251,12,379,422,1918,434,2297,-3,47
264,23540,,12001,"Alachua County, FL",County or equivalent,278468,278684,279238,216,554,633,2573,582,2522,51,51,12,368,150,66,162,434,3,69
264,23540,,12041,"Gilchrist County, FL",County or equivalent,17864,17928,18360,64,432,44,186,59,229,-15,-43,0,2,81,478,81,480,-2,-5
264,23540,,12075,"Levy County, FL",County or equivalent,42915,43051,44158,136,1107,93,411,144,670,-51,-259,0,9,191,1374,191,1383,-4,-17
264,29380,,,"Lake City, FL",Micropolitan Statistical Area,69698,69889,70385,191,496,182,755,231,1030,-49,-275,0,20,241,752,241,772,-1,-1
264,29380,,12023,"Columbia County, FL",County or equivalent,69698,69889,70385,191,496,182,755,231,1030,-49,-275,0,20,241,752,241,772,-1,-1
266,,,,"Grand Rapids-Kentwood-Muskegon, MI",Combined Statistical Area,1423632,1424397,1429112,765,4715,4113,15725,3475,13692,638,2033,32,567,90,1912,122,2479,5,203
266,13660,,,"Big Rapids, MI",Micropolitan Statistical Area,39714,39781,40031,67,250,105,381,103,476,2,-95,1,1,65,343,66,344,-1,1
266,13660,,26107,"Mecosta County, MI",County or equivalent,39714,39781,40031,67,250,105,381,103,476,2,-95,1,1,65,343,66,344,-1,1
266,24340,,,"Grand Rapids-Kentwood, MI",Metropolitan Statistical Area,1087592,1088203,1091620,611,3417,3240,12211,2561,9773,679,2438,31,510,-111,310,-80,820,12,159
266,24340,,26067,"Ionia County, MI",County or equivalent,66804,66861,67197,57,336,172,666,142,668,30,-2,0,7,27,321,27,328,0,10
266,24340,,26081,"Kent County, MI",County or equivalent,657974,658040,658046,66,6,2093,7808,1538,5820,555,1988,17,379,-520,-2472,-503,-2093,14,111
266,24340,,26117,"Montcalm County, MI",County or equivalent,66614,66515,67220,-99,705,158,626,212,786,-54,-160,0,2,-43,868,-43,870,-2,-5
266,24340,,26139,"Ottawa County, MI",County or equivalent,296200,296787,299157,587,2370,817,3111,669,2499,148,612,14,122,425,1593,439,1715,0,43
266,26090,,,"Holland, MI",Micropolitan Statistical Area,120502,120596,120950,94,354,304,1259,315,1263,-11,-4,0,32,107,303,107,335,-2,23
266,26090,,26005,"Allegan County, MI",County or equivalent,120502,120596,120950,94,354,304,1259,315,1263,-11,-4,0,32,107,303,107,335,-2,23
266,34740,,,"Muskegon, MI",Metropolitan Statistical Area,175824,175817,176511,-7,694,464,1874,496,2180,-32,-306,0,24,29,956,29,980,-4,20
266,34740,,26121,"Muskegon County, MI",County or equivalent,175824,175817,176511,-7,694,464,1874,496,2180,-32,-306,0,24,29,956,29,980,-4,20
267,,,,"Green Bay-Shawano, WI",Combined Statistical Area,373404,373416,374638,12,1222,986,4009,951,3745,35,264,3,64,-22,824,-19,888,-4,70
267,24580,,,"Green Bay, WI",Metropolitan Statistical Area,328268,328323,329490,55,1167,865,3517,793,3131,72,386,3,62,-20,653,-17,715,0,66
267,24580,,55009,"Brown County, WI",County or equivalent,268740,268741,269591,1,850,730,2965,640,2397,90,568,3,56,-95,160,-92,216,3,66
267,24580,,55061,"Kewaunee County, WI",County or equivalent,20563,20539,20543,-24,4,46,193,53,257,-7,-64,0,7,-16,59,-16,66,-1,2
267,24580,,55083,"Oconto County, WI",County or equivalent,38965,39043,39356,78,313,89,359,100,477,-11,-118,0,-1,91,434,91,433,-2,-2
267,43020,,,"Shawano, WI",Micropolitan Statistical Area,45136,45093,45148,-43,55,121,492,158,614,-37,-122,0,2,-2,171,-2,173,-4,4
267,43020,,55078,"Menominee County, WI",County or equivalent,4255,4255,4289,0,34,23,82,18,81,5,1,0,0,-4,32,-4,32,-1,1
267,43020,,55115,"Shawano County, WI",County or equivalent,40881,40838,40859,-43,21,98,410,140,533,-42,-123,0,2,2,139,2,141,-3,3
268,,,,"Greensboro--Winston-Salem--High Point, NC",Combined Statistical Area,1695306,1696225,1705315,919,9090,4380,17668,5390,20263,-1010,-2595,39,828,1926,10692,1965,11520,-36,165
268,15500,,,"Burlington, NC",Metropolitan Statistical Area,171415,171842,173877,427,2035,474,1795,569,2076,-95,-281,2,3,520,2319,522,2322,0,-6
268,15500,,37001,"Alamance County, NC",County or equivalent,171415,171842,173877,427,2035,474,1795,569,2076,-95,-281,2,3,520,2319,522,2322,0,-6
268,24660,,,"Greensboro-High Point, NC",Metropolitan Statistical Area,776566,776761,778848,195,2087,2003,8157,2414,8962,-411,-805,30,586,586,2180,616,2766,-10,126
268,24660,,37081,"Guilford County, NC",County or equivalent,541299,541347,542410,48,1063,1421,5775,1536,5608,-115,167,35,592,129,186,164,778,-1,118
268,24660,,37151,"Randolph County, NC",County or equivalent,144171,144334,145172,163,838,379,1492,521,1904,-142,-412,-4,-7,312,1252,308,1245,-3,5
268,24660,,37157,"Rockingham County, NC",County or equivalent,91096,91080,91266,-16,186,203,890,357,1450,-154,-560,-1,1,145,742,144,743,-6,3
268,34340,,,"Mount Airy, NC",Micropolitan Statistical Area,71359,71253,71152,-106,-101,187,745,331,1110,-144,-365,0,7,44,246,44,253,-6,11
268,34340,,37171,"Surry County, NC",County or equivalent,71359,71253,71152,-106,-101,187,745,331,1110,-144,-365,0,7,44,246,44,253,-6,11
268,49180,,,"Winston-Salem, NC",Metropolitan Statistical Area,675966,676369,681438,403,5069,1716,6971,2076,8115,-360,-1144,7,232,776,5947,783,6179,-20,34
268,49180,,37057,"Davidson County, NC",County or equivalent,168930,169131,170637,201,1506,417,1681,525,2242,-108,-561,2,36,312,2035,314,2071,-5,-4
268,49180,,37059,"Davie County, NC",County or equivalent,42712,42806,43533,94,727,91,396,167,539,-76,-143,0,3,173,876,173,879,-3,-9
268,49180,,37067,"Forsyth County, NC",County or equivalent,382590,382733,385523,143,2790,1040,4160,1085,4106,-45,54,4,188,187,2508,191,2696,-3,40
268,49180,,37169,"Stokes County, NC",County or equivalent,44520,44517,44553,-3,36,86,369,158,685,-72,-316,1,5,74,343,75,348,-6,4
268,49180,,37197,"Yadkin County, NC",County or equivalent,37214,37182,37192,-32,10,82,365,141,543,-59,-178,0,0,30,185,30,185,-3,3
272,,,,"Greenville-Kinston-Washington, NC",Combined Statistical Area,270017,270183,271343,166,1160,755,2985,831,3340,-76,-355,0,36,245,1449,245,1485,-3,30
272,24780,,,"Greenville, NC",Metropolitan Statistical Area,170243,170570,172169,327,1599,490,1931,414,1780,76,151,0,33,246,1397,246,1430,5,18
272,24780,,37147,"Pitt County, NC",County or equivalent,170243,170570,172169,327,1599,490,1931,414,1780,76,151,0,33,246,1397,246,1430,5,18
272,28820,,,"Kinston, NC",Micropolitan Statistical Area,55122,54995,54706,-127,-289,146,642,226,855,-80,-213,0,-3,-44,-81,-44,-84,-3,8
272,28820,,37107,"Lenoir County, NC",County or equivalent,55122,54995,54706,-127,-289,146,642,226,855,-80,-213,0,-3,-44,-81,-44,-84,-3,8
272,47820,,,"Washington, NC",Micropolitan Statistical Area,44652,44618,44468,-34,-150,119,412,191,705,-72,-293,0,6,43,133,43,139,-5,4
272,47820,,37013,"Beaufort County, NC",County or equivalent,44652,44618,44468,-34,-150,119,412,191,705,-72,-293,0,6,43,133,43,139,-5,4
273,,,,"Greenville-Spartanburg-Anderson, SC",Combined Statistical Area,1487610,1490874,1508150,3264,17276,4017,16215,4571,17967,-554,-1752,69,1193,3757,17833,3826,19026,-8,2
273,23500,,,"Gaffney, SC",Micropolitan Statistical Area,56216,56179,56052,-37,-127,156,603,203,797,-47,-194,0,20,10,35,10,55,0,12
273,23500,,45021,"Cherokee County, SC",County or equivalent,56216,56179,56052,-37,-127,156,603,203,797,-47,-194,0,20,10,35,10,55,0,12
273,24860,,,"Greenville-Anderson, SC",Metropolitan Statistical Area,928195,930165,940774,1970,10609,2519,10007,2749,10668,-230,-661,58,961,2143,10277,2201,11238,-1,32
273,24860,,45007,"Anderson County, SC",County or equivalent,203718,204032,206908,314,2876,500,2080,699,2652,-199,-572,-1,68,519,3402,518,3470,-5,-22
273,24860,,45045,"Greenville County, SC",County or equivalent,525534,526980,533834,1446,6854,1517,5996,1358,5456,159,540,54,774,1227,5507,1281,6281,6,33
273,24860,,45059,"Laurens County, SC",County or equivalent,67539,67551,67803,12,252,182,716,302,1029,-120,-313,0,42,133,518,133,560,-1,5
273,24860,,45077,"Pickens County, SC",County or equivalent,131404,131602,132229,198,627,320,1215,390,1531,-70,-316,5,77,264,850,269,927,-1,16
273,24940,,,"Greenwood, SC",Micropolitan Statistical Area,69351,69380,69241,29,-139,207,796,223,954,-16,-158,0,28,47,-19,47,9,-2,10
273,24940,,45047,"Greenwood County, SC",County or equivalent,69351,69380,69241,29,-139,207,796,223,954,-16,-158,0,28,47,-19,47,9,-2,10
273,42860,,,"Seneca, SC",Micropolitan Statistical Area,78607,78638,79203,31,565,143,663,303,1148,-160,-485,4,61,194,994,198,1055,-7,-5
273,42860,,45073,"Oconee County, SC",County or equivalent,78607,78638,79203,31,565,143,663,303,1148,-160,-485,4,61,194,994,198,1055,-7,-5
273,43900,,,"Spartanburg, SC",Metropolitan Statistical Area,327997,329364,335864,1367,6500,939,3878,971,3957,-32,-79,7,122,1388,6510,1395,6632,4,-53
273,43900,,45083,"Spartanburg County, SC",County or equivalent,327997,329364,335864,1367,6500,939,3878,971,3957,-32,-79,7,122,1388,6510,1395,6632,4,-53
273,46420,,,"Union, SC",Micropolitan Statistical Area,27244,27148,27016,-96,-132,53,268,122,443,-69,-175,0,1,-25,36,-25,37,-2,6
273,46420,,45087,"Union County, SC",County or equivalent,27244,27148,27016,-96,-132,53,268,122,443,-69,-175,0,1,-25,36,-25,37,-2,6
276,,,,"Harrisburg-York-Lebanon, PA",Combined Statistical Area,1295259,1295787,1302621,528,6834,3295,13076,3644,14693,-349,-1617,11,736,917,7595,928,8331,-51,120
276,23900,,,"Gettysburg, PA",Metropolitan Statistical Area,103852,103795,104127,-57,332,213,850,300,1213,-87,-363,0,8,38,680,38,688,-8,7
276,23900,,42001,"Adams County, PA",County or equivalent,103852,103795,104127,-57,332,213,850,300,1213,-87,-363,0,8,38,680,38,688,-8,7
276,25420,,,"Harrisburg-Carlisle, PA",Metropolitan Statistical Area,591712,592361,596305,649,3944,1572,6109,1572,6540,0,-431,5,390,662,3940,667,4330,-18,45
276,25420,,42041,"Cumberland County, PA",County or equivalent,259469,259996,262919,527,2923,648,2469,716,2893,-68,-424,-2,136,608,3221,606,3357,-11,-10
276,25420,,42043,"Dauphin County, PA",County or equivalent,286401,286544,287400,143,856,788,3126,729,3121,59,5,7,254,83,548,90,802,-6,49
276,25420,,42099,"Perry County, PA",County or equivalent,45842,45821,45986,-21,165,136,514,127,526,9,-12,0,0,-29,171,-29,171,-1,6
276,30140,,,"Lebanon, PA",Metropolitan Statistical Area,143257,143242,143493,-15,251,383,1530,443,1843,-60,-313,4,118,49,420,53,538,-8,26
276,30140,,42075,"Lebanon County, PA",County or equivalent,143257,143242,143493,-15,251,383,1530,443,1843,-60,-313,4,118,49,420,53,538,-8,26
276,49620,,,"York-Hanover, PA",Metropolitan Statistical Area,456438,456389,458696,-49,2307,1127,4587,1329,5097,-202,-510,2,220,168,2555,170,2775,-17,42
276,49620,,42133,"York County, PA",County or equivalent,456438,456389,458696,-49,2307,1127,4587,1329,5097,-202,-510,2,220,168,2555,170,2775,-17,42
277,,,,"Harrisonburg-Staunton, VA",Combined Statistical Area,261004,261024,261598,20,574,644,2563,724,2944,-80,-381,8,340,98,611,106,951,-6,4
277,25500,,,"Harrisonburg, VA",Metropolitan Statistical Area,135571,135433,135824,-138,391,336,1414,297,1271,39,143,4,253,-181,-6,-177,247,0,1
277,25500,,51165,"Rockingham County, VA",County or equivalent,83757,83758,84394,1,636,191,821,206,929,-15,-108,0,61,21,680,21,741,-5,3
277,25500,,51660,"Harrisonburg city, VA",County or equivalent,51814,51675,51430,-139,-245,145,593,91,342,54,251,4,192,-202,-686,-198,-494,5,-2
277,44420,,,"Staunton, VA",Metropolitan Statistical Area,125433,125591,125774,158,183,308,1149,427,1673,-119,-524,4,87,279,617,283,704,-6,3
277,44420,,51015,"Augusta County, VA",County or equivalent,77487,77512,77563,25,51,123,476,258,958,-135,-482,3,26,162,503,165,529,-5,4
277,44420,,51790,"Staunton city, VA",County or equivalent,25750,25800,25661,50,-139,95,350,104,388,-9,-38,1,32,59,-133,60,-101,-1,0
277,44420,,51820,"Waynesboro city, VA",County or equivalent,22196,22279,22550,83,271,90,323,65,327,25,-4,0,29,58,247,58,276,0,-1
278,,,,"Hartford-East Hartford, CT",Combined Statistical Area,1482086,1479753,1480711,-2333,958,3402,13220,3999,15918,-597,-2698,124,1665,-1830,1753,-1706,3418,-30,238
278,25540,,,"Hartford-East Hartford-Middletown, CT",Metropolitan Statistical Area,1213531,1211505,1211906,-2026,401,2779,10895,3290,12980,-511,-2085,113,1457,-1610,832,-1497,2289,-18,197
278,25540,,09003,"Hartford County, CT",County or equivalent,899498,897932,896854,-1566,-1078,2157,8558,2525,9904,-368,-1346,106,1251,-1296,-1161,-1190,90,-8,178
278,25540,,09007,"Middlesex County, CT",County or equivalent,164245,163923,164759,-322,836,321,1225,459,1822,-138,-597,2,88,-175,1341,-173,1429,-11,4
278,25540,,09013,"Tolland County, CT",County or equivalent,149788,149650,150293,-138,643,301,1112,306,1254,-5,-142,5,118,-139,652,-134,770,1,15
278,35980,,,"Norwich-New London, CT",Metropolitan Statistical Area,268555,268248,268805,-307,557,623,2325,709,2938,-86,-613,11,208,-220,921,-209,1129,-12,41
278,35980,,09011,"New London County, CT",County or equivalent,268555,268248,268805,-307,557,623,2325,709,2938,-86,-613,11,208,-220,921,-209,1129,-12,41
279,,,,"Hattiesburg-Laurel, MS",Combined Statistical Area,255844,255777,256113,-67,336,765,3142,749,3063,16,79,1,35,-86,196,-85,231,2,26
279,25620,,,"Hattiesburg, MS",Metropolitan Statistical Area,172231,172287,173078,56,791,495,2079,448,1886,47,193,1,46,4,537,5,583,4,15
279,25620,,28031,"Covington County, MS",County or equivalent,18340,18313,18279,-27,-34,49,220,68,286,-19,-66,0,0,-8,29,-8,29,0,3
279,25620,,28035,"Forrest County, MS",County or equivalent,78158,78136,77875,-22,-261,244,1009,216,923,28,86,1,29,-54,-386,-53,-357,3,10
279,25620,,28073,"Lamar County, MS",County or equivalent,64222,64368,65353,146,985,172,722,127,525,45,197,0,17,100,770,100,787,1,1
279,25620,,28111,"Perry County, MS",County or equivalent,11511,11470,11571,-41,101,30,128,37,152,-7,-24,0,0,-34,124,-34,124,0,1
279,29860,,,"Laurel, MS",Micropolitan Statistical Area,83613,83490,83035,-123,-455,270,1063,301,1177,-31,-114,0,-11,-90,-341,-90,-352,-2,11
279,29860,,28061,"Jasper County, MS",County or equivalent,16367,16348,16291,-19,-57,48,202,62,231,-14,-29,0,0,-4,-31,-4,-31,-1,3
279,29860,,28067,"Jones County, MS",County or equivalent,67246,67142,66744,-104,-398,222,861,239,946,-17,-85,0,-11,-86,-310,-86,-321,-1,8
284,,,,"Hot Springs-Malvern, AR",Combined Statistical Area,133220,133196,133478,-24,282,319,1357,558,2145,-239,-788,0,33,227,1029,227,1062,-12,8
284,26300,,,"Hot Springs, AR",Metropolitan Statistical Area,100180,100162,100330,-18,168,252,1030,437,1657,-185,-627,0,29,178,762,178,791,-11,4
284,26300,,05051,"Garland County, AR",County or equivalent,100180,100162,100330,-18,168,252,1030,437,1657,-185,-627,0,29,178,762,178,791,-11,4
284,31680,,,"Malvern, AR",Micropolitan Statistical Area,33040,33034,33148,-6,114,67,327,121,488,-54,-161,0,4,49,267,49,271,-1,4
284,31680,,05059,"Hot Spring County, AR",County or equivalent,33040,33034,33148,-6,114,67,327,121,488,-54,-161,0,4,49,267,49,271,-1,4
288,,,,"Houston-The Woodlands, TX",Combined Statistical Area,7312270,7327946,7398774,15676,70828,22489,92372,12884,55021,9605,37351,504,12592,5092,21223,5596,33815,475,-338
288,13060,,,"Bay City, TX",Micropolitan Statistical Area,36255,36269,36344,14,75,132,500,96,458,36,42,0,8,-20,16,-20,24,-2,9
288,13060,,48321,"Matagorda County, TX",County or equivalent,36255,36269,36344,14,75,132,500,96,458,36,42,0,8,-20,16,-20,24,-2,9
288,14780,,,"Brenham, TX",Micropolitan Statistical Area,35805,35837,35891,32,54,74,364,94,501,-20,-137,0,4,55,182,55,186,-3,5
288,14780,,48477,"Washington County, TX",County or equivalent,35805,35837,35891,32,54,74,364,94,501,-20,-137,0,4,55,182,55,186,-3,5
288,20900,,,"El Campo, TX",Micropolitan Statistical Area,41570,41550,41721,-20,171,142,546,121,471,21,75,0,3,-41,85,-41,88,0,8
288,20900,,48481,"Wharton County, TX",County or equivalent,41570,41550,41721,-20,171,142,546,121,471,21,75,0,3,-41,85,-41,88,0,8
288,26420,,,"Houston-The Woodlands-Sugar Land, TX",Metropolitan Statistical Area,7122240,7137747,7206841,15507,69094,21982,90385,12428,52856,9554,37529,502,12495,4974,19426,5476,31921,477,-356
288,26420,,48015,"Austin County, TX",County or equivalent,30167,30109,30380,-58,271,83,336,98,369,-15,-33,-1,5,-38,297,-39,302,-4,2
288,26420,,48039,"Brazoria County, TX",County or equivalent,372031,373368,379689,1337,6321,1162,4541,754,3017,408,1524,4,76,904,4720,908,4796,21,1
288,26420,,48071,"Chambers County, TX",County or equivalent,46571,47051,48865,480,1814,128,626,68,344,60,282,-1,7,418,1546,417,1553,3,-21
288,26420,,48157,"Fort Bend County, TX",County or equivalent,822779,828632,858527,5853,29895,2135,8725,1144,4924,991,3801,186,1704,4618,24712,4804,26416,58,-322
288,26420,,48167,"Galveston County, TX",County or equivalent,350682,351458,355062,776,3604,940,3814,832,3631,108,183,-1,158,662,3246,661,3404,7,17
288,26420,,48201,"Harris County, TX",County or equivalent,4731145,4732491,4728030,1346,-4461,15329,63336,8000,33862,7329,29474,289,10081,-6615,-44409,-6326,-34328,343,393
288,26420,,48291,"Liberty County, TX",County or equivalent,91628,92351,97621,723,5270,257,1169,234,968,23,201,1,4,695,5164,696,5168,4,-99
288,26420,,48339,"Montgomery County, TX",County or equivalent,620443,624938,648886,4495,23948,1768,7178,1201,5310,567,1868,25,449,3864,21928,3889,22377,39,-297
288,26420,,48473,"Waller County, TX",County or equivalent,56794,57349,59781,555,2432,180,660,97,431,83,229,0,11,466,2222,466,2233,6,-30
288,26660,,,"Huntsville, TX",Micropolitan Statistical Area,76400,76543,77977,143,1434,159,577,145,735,14,-158,2,82,124,1514,126,1596,3,-4
288,26660,,48471,"Walker County, TX",County or equivalent,76400,76543,77977,143,1434,159,577,145,735,14,-158,2,82,124,1514,126,1596,3,-4
290,,,,"Huntsville-Decatur, AL",Combined Statistical Area,648217,650417,659486,2200,9069,1658,6849,1870,7310,-212,-461,0,117,2398,9448,2398,9565,14,-35
290,19460,,,"Decatur, AL",Metropolitan Statistical Area,156494,156399,156758,-95,359,402,1740,578,2131,-176,-391,-1,8,86,725,85,733,-4,17
290,19460,,01079,"Lawrence County, AL",County or equivalent,33073,33063,33090,-10,27,88,337,135,511,-47,-174,0,-1,38,199,38,198,-1,3
290,19460,,01103,"Morgan County, AL",County or equivalent,123421,123336,123668,-85,332,314,1403,443,1620,-129,-217,-1,9,48,526,47,535,-3,14
290,26620,,,"Huntsville, AL",Metropolitan Statistical Area,491723,494018,502728,2295,8710,1256,5109,1292,5179,-36,-70,1,109,2312,8723,2313,8832,18,-52
290,26620,,01083,"Limestone County, AL",County or equivalent,103570,104322,107517,752,3195,230,940,250,1112,-20,-172,-2,22,769,3388,767,3410,5,-43
290,26620,,01089,"Madison County, AL",County or equivalent,388153,389696,395211,1543,5515,1026,4169,1042,4067,-16,102,3,87,1543,5335,1546,5422,13,-9
292,,,,"Idaho Falls-Rexburg-Blackfoot, ID",Combined Statistical Area,271722,272606,279135,884,6529,1049,4130,539,2087,510,2043,-1,59,364,4455,363,4514,11,-28
292,13940,,,"Blackfoot, ID",Micropolitan Statistical Area,47992,48068,48876,76,808,153,632,127,442,26,190,0,5,50,612,50,617,0,1
292,13940,,16011,"Bingham County, ID",County or equivalent,47992,48068,48876,76,808,153,632,127,442,26,190,0,5,50,612,50,617,0,1
292,26820,,,"Idaho Falls, ID",Metropolitan Statistical Area,157429,158258,162786,829,4528,567,2243,348,1322,219,921,0,40,604,3604,604,3644,6,-37
292,26820,,16019,"Bonneville County, ID",County or equivalent,123964,124626,127930,662,3304,437,1791,278,1109,159,682,0,38,497,2607,497,2645,6,-23
292,26820,,16023,"Butte County, ID",County or equivalent,2574,2577,2654,3,77,8,27,12,25,-4,2,0,0,8,75,8,75,-1,0
292,26820,,16051,"Jefferson County, ID",County or equivalent,30891,31055,32202,164,1147,122,425,58,188,64,237,0,2,99,922,99,924,1,-14
292,39940,,,"Rexburg, ID",Micropolitan Statistical Area,66301,66280,67473,-21,1193,329,1255,64,323,265,932,-1,14,-290,239,-291,253,5,8
292,39940,,16043,"Fremont County, ID",County or equivalent,13388,13404,13592,16,188,41,163,33,127,8,36,0,1,8,152,8,153,0,-1
292,39940,,16065,"Madison County, ID",County or equivalent,52913,52876,53881,-37,1005,288,1092,31,196,257,896,-1,13,-298,87,-299,100,5,9
294,,,,"Indianapolis-Carmel-Muncie, IN",Combined Statistical Area,2492514,2494757,2507944,2243,13187,7136,29164,6451,25758,685,3406,161,2409,1347,7386,1508,9795,50,-14
294,18020,,,"Columbus, IN",Metropolitan Statistical Area,82208,82157,82475,-51,318,259,975,241,898,18,77,4,198,-73,32,-69,230,0,11
294,18020,,18005,"Bartholomew County, IN",County or equivalent,82208,82157,82475,-51,318,259,975,241,898,18,77,4,198,-73,32,-69,230,0,11
294,18820,,,"Crawfordsville, IN",Micropolitan Statistical Area,37936,37932,38063,-4,131,105,434,121,501,-16,-67,0,8,13,185,13,193,-1,5
294,18820,,18107,"Montgomery County, IN",County or equivalent,37936,37932,38063,-4,131,105,434,121,501,-16,-67,0,8,13,185,13,193,-1,5
294,24700,,,"Greensburg, IN",Micropolitan Statistical Area,26472,26477,26320,5,-157,60,299,75,352,-15,-53,0,10,20,-117,20,-107,0,3
294,24700,,18031,"Decatur County, IN",County or equivalent,26472,26477,26320,5,-157,60,299,75,352,-15,-53,0,10,20,-117,20,-107,0,3
294,26900,,,"Indianapolis-Carmel-Anderson, IN",Metropolitan Statistical Area,2111040,2113700,2126804,2660,13104,6146,25108,5183,20801,963,4307,158,2122,1482,6732,1640,8854,57,-57
294,26900,,18011,"Boone County, IN",County or equivalent,70812,71169,73052,357,1883,210,828,147,659,63,169,0,30,292,1699,292,1729,2,-15
294,26900,,18013,"Brown County, IN",County or equivalent,15475,15470,15552,-5,82,19,94,50,194,-31,-100,0,-1,27,186,27,185,-1,-3
294,26900,,18057,"Hamilton County, IN",County or equivalent,347467,348868,356650,1401,7782,883,3572,568,2390,315,1182,9,232,1059,6402,1068,6634,18,-34
294,26900,,18059,"Hancock County, IN",County or equivalent,79840,80156,81789,316,1633,208,822,216,856,-8,-34,0,8,325,1678,325,1686,-1,-19
294,26900,,18063,"Hendricks County, IN",County or equivalent,174788,175528,179355,740,3827,401,1623,387,1473,14,150,5,79,716,3634,721,3713,5,-36
294,26900,,18081,"Johnson County, IN",County or equivalent,161765,162180,164298,415,2118,439,1809,445,1674,-6,135,2,81,416,1899,418,1980,3,3
294,26900,,18095,"Madison County, IN",County or equivalent,130129,130065,130782,-64,717,320,1365,478,1771,-158,-406,0,31,99,1085,99,1116,-5,7
294,26900,,18097,"Marion County, IN",County or equivalent,977203,976770,971102,-433,-5668,3299,13434,2413,9904,886,3530,142,1608,-1501,-10836,-1359,-9228,40,30
294,26900,,18109,"Morgan County, IN",County or equivalent,71780,71802,72206,22,404,172,738,213,876,-41,-138,0,14,65,525,65,539,-2,3
294,26900,,18133,"Putnam County, IN",County or equivalent,36726,36666,36979,-60,313,82,357,112,455,-30,-98,0,21,-30,392,-30,413,0,-2
294,26900,,18145,"Shelby County, IN",County or equivalent,45055,45026,45039,-29,13,113,466,154,549,-41,-83,0,19,14,68,14,87,-2,9
294,34620,,,"Muncie, IN",Metropolitan Statistical Area,111903,111669,111871,-234,202,255,1003,433,1502,-178,-499,-2,35,-51,654,-53,689,-3,12
294,34620,,18035,"Delaware County, IN",County or equivalent,111903,111669,111871,-234,202,255,1003,433,1502,-178,-499,-2,35,-51,654,-53,689,-3,12
294,35220,,,"New Castle, IN",Micropolitan Statistical Area,48914,48885,48935,-29,50,97,441,152,733,-55,-292,0,0,28,339,28,339,-2,3
294,35220,,18065,"Henry County, IN",County or equivalent,48914,48885,48935,-29,50,97,441,152,733,-55,-292,0,0,28,339,28,339,-2,3
294,35860,,,"North Vernon, IN",Micropolitan Statistical Area,27613,27564,27409,-49,-155,74,301,90,379,-16,-78,0,2,-32,-84,-32,-82,-1,5
294,35860,,18079,"Jennings County, IN",County or equivalent,27613,27564,27409,-49,-155,74,301,90,379,-16,-78,0,2,-32,-84,-32,-82,-1,5
294,42980,,,"Seymour, IN",Micropolitan Statistical Area,46428,46373,46067,-55,-306,140,603,156,592,-16,11,1,34,-40,-355,-39,-321,0,4
294,42980,,18071,"Jackson County, IN",County or equivalent,46428,46373,46067,-55,-306,140,603,156,592,-16,11,1,34,-40,-355,-39,-321,0,4
296,,,,"Ithaca-Cortland, NY",Combined Statistical Area,152549,152127,151473,-422,-654,309,1088,336,1353,-27,-265,0,162,-398,-577,-398,-415,3,26
296,18660,,,"Cortland, NY",Micropolitan Statistical Area,46809,46723,46311,-86,-412,118,427,142,528,-24,-101,0,4,-61,-321,-61,-317,-1,6
296,18660,,36023,"Cortland County, NY",County or equivalent,46809,46723,46311,-86,-412,118,427,142,528,-24,-101,0,4,-61,-321,-61,-317,-1,6
296,27060,,,"Ithaca, NY",Metropolitan Statistical Area,105740,105404,105162,-336,-242,191,661,194,825,-3,-164,0,158,-337,-256,-337,-98,4,20
296,27060,,36109,"Tompkins County, NY",County or equivalent,105740,105404,105162,-336,-242,191,661,194,825,-3,-164,0,158,-337,-256,-337,-98,4,20
297,,,,"Jackson-Brownsville, TN",Combined Statistical Area,198368,198178,198493,-190,315,582,2204,822,2744,-240,-540,0,38,59,789,59,827,-9,28
297,15140,,,"Brownsville, TN",Micropolitan Statistical Area,17864,17795,17694,-69,-101,49,172,75,252,-26,-80,0,3,-41,-27,-41,-24,-2,3
297,15140,,47075,"Haywood County, TN",County or equivalent,17864,17795,17694,-69,-101,49,172,75,252,-26,-80,0,3,-41,-27,-41,-24,-2,3
297,27180,,,"Jackson, TN",Metropolitan Statistical Area,180504,180383,180799,-121,416,533,2032,747,2492,-214,-460,0,35,100,816,100,851,-7,25
297,27180,,47023,"Chester County, TN",County or equivalent,17341,17347,17504,6,157,34,173,59,198,-25,-25,-1,-2,33,185,32,183,-1,-1
297,27180,,47033,"Crockett County, TN",County or equivalent,13911,13884,13979,-27,95,47,167,75,221,-28,-54,0,2,1,146,1,148,0,1
297,27180,,47053,"Gibson County, TN",County or equivalent,50429,50375,50541,-54,166,125,517,230,823,-105,-306,0,10,53,458,53,468,-2,4
297,27180,,47113,"Madison County, TN",County or equivalent,98823,98777,98775,-46,-2,327,1175,383,1250,-56,-75,1,25,13,27,14,52,-4,21
298,,,,"Jackson-Vicksburg-Brookhaven, MS",Combined Statistical Area,671607,669989,665724,-1618,-4265,1886,7911,2034,7910,-148,1,-5,104,-1470,-4367,-1475,-4263,5,-3
298,15020,,,"Brookhaven, MS",Micropolitan Statistical Area,34907,34815,34943,-92,128,94,340,153,434,-59,-94,0,2,-33,217,-33,219,0,3
298,15020,,28085,"Lincoln County, MS",County or equivalent,34907,34815,34943,-92,128,94,340,153,434,-59,-94,0,2,-33,217,-33,219,0,3
298,27140,,,"Jackson, MS",Metropolitan Statistical Area,591978,590626,587202,-1352,-3424,1662,7037,1748,6896,-86,141,-4,85,-1266,-3656,-1270,-3571,4,6
298,27140,,28029,"Copiah County, MS",County or equivalent,28368,28293,27995,-75,-298,81,340,76,388,5,-48,1,8,-80,-258,-79,-250,-1,0
298,27140,,28049,"Hinds County, MS",County or equivalent,227742,226636,222679,-1106,-3957,702,2854,735,2648,-33,206,-1,50,-1079,-4177,-1080,-4127,7,-36
298,27140,,28051,"Holmes County, MS",County or equivalent,17000,16912,16496,-88,-416,57,193,70,266,-13,-73,0,0,-73,-340,-73,-340,-2,-3
298,27140,,28089,"Madison County, MS",County or equivalent,109145,109222,109813,77,591,307,1357,306,1376,1,-19,0,25,74,564,74,589,2,21
298,27140,,28121,"Rankin County, MS",County or equivalent,157031,157052,158096,21,1044,378,1681,379,1522,-1,159,-1,-2,25,867,24,865,-2,20
298,27140,,28127,"Simpson County, MS",County or equivalent,25949,25893,25750,-56,-143,76,323,85,377,-9,-54,-1,7,-46,-98,-47,-91,0,2
298,27140,,28163,"Yazoo County, MS",County or equivalent,26743,26618,26373,-125,-245,61,289,97,319,-36,-30,-2,-3,-87,-214,-89,-217,0,2
298,46980,,,"Vicksburg, MS",Micropolitan Statistical Area,44722,44548,43579,-174,-969,130,534,133,580,-3,-46,-1,17,-171,-928,-172,-911,1,-12
298,46980,,28149,"Warren County, MS",County or equivalent,44722,44548,43579,-174,-969,130,534,133,580,-3,-46,-1,17,-171,-928,-172,-911,1,-12
300,,,,"Jacksonville-St. Marys-Palatka, FL-GA",Combined Statistical Area,1733937,1739646,1767497,5709,27851,4688,19454,4570,18965,118,489,82,1061,5500,26503,5582,27564,9,-202
300,27260,,,"Jacksonville, FL",Metropolitan Statistical Area,1605848,1611388,1637666,5540,26278,4336,17934,4139,17313,197,621,82,1042,5247,24815,5329,25857,14,-200
300,27260,,12003,"Baker County, FL",County or equivalent,28259,28309,28715,50,406,81,350,79,310,2,40,0,2,47,364,47,366,1,0
300,27260,,12019,"Clay County, FL",County or equivalent,218245,218797,222361,552,3564,505,2102,579,2351,-74,-249,1,49,628,3796,629,3845,-3,-32
300,27260,,12031,"Duval County, FL",County or equivalent,995567,996373,999935,806,3562,2961,12525,2627,10722,334,1803,81,959,372,646,453,1605,19,154
300,27260,,12089,"Nassau County, FL",County or equivalent,90352,90993,94189,641,3196,213,812,261,1257,-48,-445,0,4,692,3688,692,3692,-3,-51
300,27260,,12109,"St. Johns County, FL",County or equivalent,273425,276916,292466,3491,15550,576,2145,593,2673,-17,-528,0,28,3508,16321,3508,16349,0,-271
300,37260,,,"Palatka, FL",Micropolitan Statistical Area,73321,73347,74167,26,820,175,811,329,1188,-154,-377,-1,12,187,1193,186,1205,-6,-8
300,37260,,12107,"Putnam County, FL",County or equivalent,73321,73347,74167,26,820,175,811,329,1188,-154,-377,-1,12,187,1193,186,1205,-6,-8
300,41220,,,"St. Marys, GA",Micropolitan Statistical Area,54768,54911,55664,143,753,177,709,102,464,75,245,1,7,66,495,67,502,1,6
300,41220,,13039,"Camden County, GA",County or equivalent,54768,54911,55664,143,753,177,709,102,464,75,245,1,7,66,495,67,502,1,6
304,,,,"Johnson City-Kingsport-Bristol, TN-VA",Combined Statistical Area,514899,514668,516729,-231,2061,1039,4362,2026,7940,-987,-3578,-2,64,798,5578,796,5642,-40,-3
304,27740,,,"Johnson City, TN",Metropolitan Statistical Area,207285,207262,208068,-23,806,397,1770,771,3005,-374,-1235,0,46,364,1983,364,2029,-13,12
304,27740,,47019,"Carter County, TN",County or equivalent,56356,56315,56134,-41,-181,101,435,229,937,-128,-502,0,4,93,312,93,316,-6,5
304,27740,,47171,"Unicoi County, TN",County or equivalent,17928,17867,17698,-61,-169,26,132,74,337,-48,-205,1,9,-12,24,-11,33,-2,3
304,27740,,47179,"Washington County, TN",County or equivalent,133001,133080,134236,79,1156,270,1203,468,1731,-198,-528,-1,33,283,1647,282,1680,-5,4
304,28700,,,"Kingsport-Bristol, TN-VA",Metropolitan Statistical Area,307614,307406,308661,-208,1255,642,2592,1255,4935,-613,-2343,-2,18,434,3595,432,3613,-27,-15
304,28700,,47073,"Hawkins County, TN",County or equivalent,56721,56669,57288,-52,619,121,488,216,929,-95,-441,0,4,48,1067,48,1071,-5,-11
304,28700,,47163,"Sullivan County, TN",County or equivalent,158163,158092,159265,-71,1173,336,1398,650,2475,-314,-1077,-1,4,256,2257,255,2261,-12,-11
304,28700,,51169,"Scott County, VA",County or equivalent,21576,21547,21419,-29,-128,33,148,100,397,-67,-249,0,4,41,116,41,120,-3,1
304,28700,,51191,"Washington County, VA",County or equivalent,53935,53839,53635,-96,-204,121,417,218,864,-97,-447,0,6,7,232,7,238,-6,5
304,28700,,51520,"Bristol city, VA",County or equivalent,17219,17259,17054,40,-205,31,141,71,270,-40,-129,-1,0,82,-77,81,-77,-1,1
306,,,,"Johnstown-Somerset, PA",Combined Statistical Area,207601,206874,205794,-727,-1080,467,1728,908,3187,-441,-1459,-1,4,-265,352,-266,356,-20,23
306,27780,,,"Johnstown, PA",Metropolitan Statistical Area,133472,132957,132167,-515,-790,305,1154,604,2076,-299,-922,-1,4,-202,112,-203,116,-13,16
306,27780,,42021,"Cambria County, PA",County or equivalent,133472,132957,132167,-515,-790,305,1154,604,2076,-299,-922,-1,4,-202,112,-203,116,-13,16
306,43740,,,"Somerset, PA",Micropolitan Statistical Area,74129,73917,73627,-212,-290,162,574,304,1111,-142,-537,0,0,-63,240,-63,240,-7,7
306,43740,,42111,"Somerset County, PA",County or equivalent,74129,73917,73627,-212,-290,162,574,304,1111,-142,-537,0,0,-63,240,-63,240,-7,7
308,,,,"Jonesboro-Paragould, AR",Combined Statistical Area,179932,180287,181195,355,908,570,2196,499,2241,71,-45,0,35,278,899,278,934,6,19
308,27860,,,"Jonesboro, AR",Metropolitan Statistical Area,134196,134469,134878,273,409,428,1633,366,1636,62,-3,0,34,205,357,205,391,6,21
308,27860,,05031,"Craighead County, AR",County or equivalent,111231,111576,112218,345,642,354,1356,254,1224,100,132,0,28,238,465,238,493,7,17
308,27860,,05111,"Poinsett County, AR",County or equivalent,22965,22893,22660,-72,-233,74,277,112,412,-38,-135,0,6,-33,-108,-33,-102,-1,4
308,37500,,,"Paragould, AR",Micropolitan Statistical Area,45736,45818,46317,82,499,142,563,133,605,9,-42,0,1,73,542,73,543,0,-2
308,37500,,05055,"Greene County, AR",County or equivalent,45736,45818,46317,82,499,142,563,133,605,9,-42,0,1,73,542,73,543,0,-2
309,,,,"Joplin-Miami, MO-OK",Combined Statistical Area,211694,211588,212881,-106,1293,596,2523,678,2746,-82,-223,-3,96,-16,1398,-19,1494,-5,22
309,27900,,,"Joplin, MO",Metropolitan Statistical Area,181409,181379,182541,-30,1162,516,2151,567,2201,-51,-50,-3,93,27,1096,24,1189,-3,23
309,27900,,29097,"Jasper County, MO",County or equivalent,122761,122766,123155,5,389,372,1479,381,1484,-9,-5,-2,77,16,291,14,368,0,26
309,27900,,29145,"Newton County, MO",County or equivalent,58648,58613,59386,-35,773,144,672,186,717,-42,-45,-1,16,11,805,10,821,-3,-3
309,33060,,,"Miami, OK",Micropolitan Statistical Area,30285,30209,30340,-76,131,80,372,111,545,-31,-173,0,3,-43,302,-43,305,-2,-1
309,33060,,40115,"Ottawa County, OK",County or equivalent,30285,30209,30340,-76,131,80,372,111,545,-31,-173,0,3,-43,302,-43,305,-2,-1
310,,,,"Kalamazoo-Battle Creek-Portage, MI",Combined Statistical Area,501781,501454,500670,-327,-784,1397,5536,1497,5741,-100,-205,8,245,-230,-904,-222,-659,-5,80
310,12980,,,"Battle Creek, MI",Metropolitan Statistical Area,134310,134113,133819,-197,-294,326,1419,434,1769,-108,-350,0,43,-85,-11,-85,32,-4,24
310,12980,,26025,"Calhoun County, MI",County or equivalent,134310,134113,133819,-197,-294,326,1419,434,1769,-108,-350,0,43,-85,-11,-85,32,-4,24
310,17740,,,"Coldwater, MI",Micropolitan Statistical Area,44862,44810,44985,-52,175,135,522,171,543,-36,-21,1,24,-15,168,-14,192,-2,4
310,17740,,26023,"Branch County, MI",County or equivalent,44862,44810,44985,-52,175,135,522,171,543,-36,-21,1,24,-15,168,-14,192,-2,4
310,28020,,,"Kalamazoo-Portage, MI",Metropolitan Statistical Area,261670,261629,261108,-41,-521,746,2901,699,2650,47,251,6,161,-96,-973,-90,-812,2,40
310,28020,,26077,"Kalamazoo County, MI",County or equivalent,261670,261629,261108,-41,-521,746,2901,699,2650,47,251,6,161,-96,-973,-90,-812,2,40
310,44780,,,"Sturgis, MI",Micropolitan Statistical Area,60939,60902,60758,-37,-144,190,694,193,779,-3,-85,1,17,-34,-88,-33,-71,-1,12
310,44780,,26149,"St. Joseph County, MI",County or equivalent,60939,60902,60758,-37,-144,190,694,193,779,-3,-85,1,17,-34,-88,-33,-71,-1,12
312,,,,"Kansas City-Overland Park-Kansas City, MO-KS",Combined Statistical Area,2528644,2529908,2535652,1264,5744,7349,28866,6307,25125,1042,3741,34,1306,171,302,205,1608,17,395
312,11860,,,"Atchison, KS",Micropolitan Statistical Area,16348,16305,16239,-43,-66,43,179,55,188,-12,-9,0,-1,-32,-59,-32,-60,1,3
312,11860,,20005,"Atchison County, KS",County or equivalent,16348,16305,16239,-43,-66,43,179,55,188,-12,-9,0,-1,-32,-59,-32,-60,1,3
312,28140,,,"Kansas City, MO-KS",Metropolitan Statistical Area,2192035,2193578,2199490,1543,5912,6423,25348,5479,21689,944,3659,26,1168,561,748,587,1916,12,337
312,28140,,20091,"Johnson County, KS",County or equivalent,609863,610536,613219,673,2683,1687,6675,1324,5164,363,1511,19,259,288,772,307,1031,3,141
312,28140,,20103,"Leavenworth County, KS",County or equivalent,81881,81870,82184,-11,314,209,835,217,771,-8,64,-9,5,6,231,-3,236,0,14
312,28140,,20107,"Linn County, KS",County or equivalent,9591,9582,9747,-9,165,28,98,30,123,-2,-25,0,0,-7,193,-7,193,0,-3
312,28140,,20121,"Miami County, KS",County or equivalent,34191,34183,34593,-8,410,75,305,90,338,-15,-33,0,6,8,438,8,444,-1,-1
312,28140,,20209,"Wyandotte County, KS",County or equivalent,169245,168873,167046,-372,-1827,616,2452,445,1725,171,727,4,250,-555,-2788,-551,-2538,8,-16
312,28140,,29013,"Bates County, MO",County or equivalent,16042,16044,16105,2,61,52,190,62,211,-10,-21,0,1,14,79,14,80,-2,2
312,28140,,29025,"Caldwell County, MO",County or equivalent,8815,8806,8897,-9,91,24,96,37,110,-13,-14,0,0,4,107,4,107,0,-2
312,28140,,29037,"Cass County, MO",County or equivalent,107824,108113,109638,289,1525,288,1090,250,1196,38,-106,-2,2,253,1640,251,1642,0,-11
312,28140,,29047,"Clay County, MO",County or equivalent,253335,253923,255518,588,1595,762,2963,606,2209,156,754,4,106,421,686,425,792,7,49
312,28140,,29049,"Clinton County, MO",County or equivalent,21184,21204,21287,20,83,75,216,92,284,-17,-68,0,1,38,146,38,147,-1,4
312,28140,,29095,"Jackson County, MO",County or equivalent,717204,717243,716862,39,-381,2135,8648,1867,7892,268,756,11,449,-241,-1732,-230,-1283,1,146
312,28140,,29107,"Lafayette County, MO",County or equivalent,32984,33001,32817,17,-184,88,382,124,441,-36,-59,0,2,56,-132,56,-130,-3,5
312,28140,,29165,"Platte County, MO",County or equivalent,106718,107100,108569,382,1469,318,1156,232,882,86,274,-1,85,296,1104,295,1189,1,6
312,28140,,29177,"Ray County, MO",County or equivalent,23158,23100,23008,-58,-92,66,242,103,343,-37,-101,0,2,-20,4,-20,6,-1,3
312,29940,,,"Lawrence, KS",Metropolitan Statistical Area,118785,118814,119363,29,549,294,1009,190,854,104,155,0,83,-81,280,-81,363,6,31
312,29940,,20045,"Douglas County, KS",County or equivalent,118785,118814,119363,29,549,294,1009,190,854,104,155,0,83,-81,280,-81,363,6,31
312,36840,,,"Ottawa, KS",Micropolitan Statistical Area,25996,26028,25986,32,-42,80,241,59,334,21,-93,1,2,10,44,11,46,0,5
312,36840,,20059,"Franklin County, KS",County or equivalent,25996,26028,25986,32,-42,80,241,59,334,21,-93,1,2,10,44,11,46,0,5
312,41140,,,"St. Joseph, MO-KS",Metropolitan Statistical Area,121467,121181,120424,-286,-757,356,1417,417,1555,-61,-138,1,45,-222,-670,-221,-625,-4,6
312,41140,,20043,"Doniphan County, KS",County or equivalent,7510,7469,7471,-41,2,12,74,27,96,-15,-22,0,-2,-25,24,-25,22,-1,2
312,41140,,29003,"Andrew County, MO",County or equivalent,18135,18083,18002,-52,-81,47,195,64,220,-17,-25,0,0,-34,-59,-34,-59,-1,3
312,41140,,29021,"Buchanan County, MO",County or equivalent,84793,84615,83853,-178,-762,269,1061,291,1085,-22,-24,1,46,-156,-786,-155,-740,-1,2
312,41140,,29063,"DeKalb County, MO",County or equivalent,11029,11014,11098,-15,84,28,87,35,154,-7,-67,0,1,-7,151,-7,152,-1,-1
312,47660,,,"Warrensburg, MO",Micropolitan Statistical Area,54013,54002,54150,-11,148,153,672,107,505,46,167,6,9,-65,-41,-59,-32,2,13
312,47660,,29101,"Johnson County, MO",County or equivalent,54013,54002,54150,-11,148,153,672,107,505,46,167,6,9,-65,-41,-59,-32,2,13
313,,,,"Kennewick-Richland-Walla Walla, WA",Combined Statistical Area,366206,366880,370975,674,4095,1098,4504,865,3204,233,1300,18,286,413,2467,431,2753,10,42
313,28420,,,"Kennewick-Richland, WA",Metropolitan Statistical Area,303622,304306,308293,684,3987,965,3928,682,2504,283,1424,13,231,376,2300,389,2531,12,32
313,28420,,53005,"Benton County, WA",County or equivalent,206873,207230,210025,357,2795,604,2447,522,1926,82,521,5,100,267,2166,272,2266,3,8
313,28420,,53021,"Franklin County, WA",County or equivalent,96749,97076,98268,327,1192,361,1481,160,578,201,903,8,131,109,134,117,265,9,24
313,47460,,,"Walla Walla, WA",Metropolitan Statistical Area,62584,62574,62682,-10,108,133,576,183,700,-50,-124,5,55,37,167,42,222,-2,10
313,47460,,53071,"Walla Walla County, WA",County or equivalent,62584,62574,62682,-10,108,133,576,183,700,-50,-124,5,55,37,167,42,222,-2,10
314,,,,"Kerrville-Fredericksburg, TX",Combined Statistical Area,79323,79408,80458,85,1050,182,727,300,1289,-118,-562,-1,39,215,1592,214,1631,-11,-19
314,23240,,,"Fredericksburg, TX",Micropolitan Statistical Area,26725,26732,27297,7,565,64,252,96,417,-32,-165,0,27,43,713,43,740,-4,-10
314,23240,,48171,"Gillespie County, TX",County or equivalent,26725,26732,27297,7,565,64,252,96,417,-32,-165,0,27,43,713,43,740,-4,-10
314,28500,,,"Kerrville, TX",Micropolitan Statistical Area,52598,52676,53161,78,485,118,475,204,872,-86,-397,-1,12,172,879,171,891,-7,-9
314,28500,,48265,"Kerr County, TX",County or equivalent,52598,52676,53161,78,485,118,475,204,872,-86,-397,-1,12,172,879,171,891,-7,-9
315,,,,"Knoxville-Morristown-Sevierville, TN",Combined Statistical Area,1156861,1158977,1173202,2116,14225,2886,11470,3898,15380,-1012,-3910,0,224,3165,17999,3165,18223,-37,-88
315,28940,,,"Knoxville, TN",Metropolitan Statistical Area,879773,881628,893412,1855,11784,2209,8712,2838,11237,-629,-2525,2,164,2503,14218,2505,14382,-21,-73
315,28940,,47001,"Anderson County, TN",County or equivalent,77123,77209,77576,86,367,173,772,278,1085,-105,-313,0,14,196,663,196,677,-5,3
315,28940,,47009,"Blount County, TN",County or equivalent,135280,135566,137605,286,2039,310,1206,432,1728,-122,-522,0,24,415,2558,415,2582,-7,-21
315,28940,,47013,"Campbell County, TN",County or equivalent,39272,39277,39578,5,301,110,448,153,678,-43,-230,0,6,50,527,50,533,-2,-2
315,28940,,47093,"Knox County, TN",County or equivalent,478971,480126,486677,1155,6551,1283,4975,1401,5541,-118,-566,0,106,1267,7029,1267,7135,6,-18
315,28940,,47105,"Loudon County, TN",County or equivalent,54886,55097,56690,211,1593,132,509,190,743,-58,-234,2,21,274,1829,276,1850,-7,-23
315,28940,,47129,"Morgan County, TN",County or equivalent,21035,21020,21254,-15,234,39,171,82,264,-43,-93,0,0,29,327,29,327,-1,0
315,28940,,47145,"Roane County, TN",County or equivalent,53404,53513,53992,109,479,120,443,208,908,-88,-465,0,-8,202,961,202,953,-5,-9
315,28940,,47173,"Union County, TN",County or equivalent,19802,19820,20040,18,220,42,188,94,290,-52,-102,0,1,70,324,70,325,0,-3
315,34100,,,"Morristown, TN",Metropolitan Statistical Area,142709,142830,143855,121,1025,342,1422,597,2180,-255,-758,0,16,383,1774,383,1790,-7,-7
315,34100,,47057,"Grainger County, TN",County or equivalent,23527,23525,23763,-2,238,49,219,104,390,-55,-171,0,3,55,408,55,411,-2,-2
315,34100,,47063,"Hamblen County, TN",County or equivalent,64499,64435,64468,-64,33,156,727,289,947,-133,-220,0,7,72,238,72,245,-3,8
315,34100,,47089,"Jefferson County, TN",County or equivalent,54683,54870,55624,187,754,137,476,204,843,-67,-367,0,6,256,1128,256,1134,-2,-13
315,35460,,,"Newport, TN",Micropolitan Statistical Area,35999,36022,36418,23,396,83,332,156,669,-73,-337,0,0,99,738,99,738,-3,-5
315,35460,,47029,"Cocke County, TN",County or equivalent,35999,36022,36418,23,396,83,332,156,669,-73,-337,0,0,99,738,99,738,-3,-5
315,42940,,,"Sevierville, TN",Micropolitan Statistical Area,98380,98497,99517,117,1020,252,1004,307,1294,-55,-290,-2,44,180,1269,178,1313,-6,-3
315,42940,,47155,"Sevier County, TN",County or equivalent,98380,98497,99517,117,1020,252,1004,307,1294,-55,-290,-2,44,180,1269,178,1313,-6,-3
316,,,,"Kokomo-Peru, IN",Combined Statistical Area,119620,119543,119768,-77,225,363,1323,415,1668,-52,-345,4,33,-24,526,-20,559,-5,11
316,29020,,,"Kokomo, IN",Metropolitan Statistical Area,83658,83619,83687,-39,68,264,953,312,1250,-48,-297,4,23,10,332,14,355,-5,10
316,29020,,18067,"Howard County, IN",County or equivalent,83658,83619,83687,-39,68,264,953,312,1250,-48,-297,4,23,10,332,14,355,-5,10
316,37940,,,"Peru, IN",Micropolitan Statistical Area,35962,35924,36081,-38,157,99,370,103,418,-4,-48,0,10,-34,194,-34,204,0,1
316,37940,,18103,"Miami County, IN",County or equivalent,35962,35924,36081,-38,157,99,370,103,418,-4,-48,0,10,-34,194,-34,204,0,1
318,,,,"Lafayette-Opelousas-Morgan City, LA",Combined Statistical Area,610330,609490,609515,-840,25,1797,7732,1796,7256,1,476,0,263,-847,-784,-847,-521,6,70
318,29180,,,"Lafayette, LA",Metropolitan Statistical Area,478384,478077,479212,-307,1135,1383,6068,1309,5392,74,676,1,218,-389,175,-388,393,7,66
318,29180,,22001,"Acadia Parish, LA",County or equivalent,57576,57455,57288,-121,-167,169,820,204,833,-35,-13,1,2,-87,-167,-86,-165,0,11
318,29180,,22045,"Iberia Parish, LA",County or equivalent,69929,69725,68975,-204,-750,220,884,237,857,-17,27,0,22,-188,-798,-188,-776,1,-1
318,29180,,22055,"Lafayette Parish, LA",County or equivalent,241753,242004,244205,251,2201,679,3063,548,2380,131,683,0,175,114,1305,114,1480,6,38
318,29180,,22099,"St. Martin Parish, LA",County or equivalent,51767,51604,51540,-163,-64,147,615,153,613,-6,2,0,8,-157,-84,-157,-76,0,10
318,29180,,22113,"Vermilion Parish, LA",County or equivalent,57359,57289,57204,-70,-85,168,686,167,709,1,-23,0,11,-71,-81,-71,-70,0,8
318,34020,,,"Morgan City, LA",Micropolitan Statistical Area,49406,49140,48232,-266,-908,157,615,169,622,-12,-7,-1,34,-252,-925,-253,-891,-1,-10
318,34020,,22101,"St. Mary Parish, LA",County or equivalent,49406,49140,48232,-266,-908,157,615,169,622,-12,-7,-1,34,-252,-925,-253,-891,-1,-10
318,36660,,,"Opelousas, LA",Micropolitan Statistical Area,82540,82273,82071,-267,-202,257,1049,318,1242,-61,-193,0,11,-206,-34,-206,-23,0,14
318,36660,,22097,"St. Landry Parish, LA",County or equivalent,82540,82273,82071,-267,-202,257,1049,318,1242,-61,-193,0,11,-206,-34,-206,-23,0,14
320,,,,"Lafayette-West Lafayette-Frankfort, IN",Combined Statistical Area,256906,256830,257774,-76,944,722,2781,592,2235,130,546,36,659,-252,-314,-216,345,10,53
320,23140,,,"Frankfort, IN",Micropolitan Statistical Area,33190,33151,33065,-39,-86,115,439,109,374,6,65,-1,0,-45,-156,-46,-156,1,5
320,23140,,18023,"Clinton County, IN",County or equivalent,33190,33151,33065,-39,-86,115,439,109,374,6,65,-1,0,-45,-156,-46,-156,1,5
320,29200,,,"Lafayette-West Lafayette, IN",Metropolitan Statistical Area,223716,223679,224709,-37,1030,607,2342,483,1861,124,481,37,659,-207,-158,-170,501,9,48
320,29200,,18007,"Benton County, IN",County or equivalent,8719,8712,8714,-7,2,31,103,27,93,4,10,0,0,-10,-10,-10,-10,-1,2
320,29200,,18015,"Carroll County, IN",County or equivalent,20306,20307,20444,1,137,47,212,52,209,-5,3,1,8,6,126,7,134,-1,0
320,29200,,18157,"Tippecanoe County, IN",County or equivalent,186251,186247,187076,-4,829,513,1949,375,1467,138,482,36,649,-190,-349,-154,300,12,47
320,29200,,18171,"Warren County, IN",County or equivalent,8440,8413,8475,-27,62,16,78,29,92,-13,-14,0,2,-13,75,-13,77,-1,-1
324,,,,"Lake Charles-Jennings, LA",Combined Statistical Area,254652,254201,242707,-451,-11494,803,3303,759,2981,44,322,2,94,-501,-11702,-499,-11608,4,-208
324,27660,,,"Jennings, LA",Micropolitan Statistical Area,32250,32166,32345,-84,179,90,406,117,446,-27,-40,0,4,-57,212,-57,216,0,3
324,27660,,22053,"Jefferson Davis Parish, LA",County or equivalent,32250,32166,32345,-84,179,90,406,117,446,-27,-40,0,4,-57,212,-57,216,0,3
324,29340,,,"Lake Charles, LA",Metropolitan Statistical Area,222402,222035,210362,-367,-11673,713,2897,642,2535,71,362,2,90,-444,-11914,-442,-11824,4,-211
324,29340,,22019,"Calcasieu Parish, LA",County or equivalent,216785,216416,205282,-369,-11134,699,2826,624,2468,75,358,2,92,-450,-11380,-448,-11288,4,-204
324,29340,,22023,"Cameron Parish, LA",County or equivalent,5617,5619,5080,2,-539,14,71,18,67,-4,4,0,-2,6,-534,6,-536,0,-7
332,,,,"Las Vegas-Henderson, NV",Combined Statistical Area,2317052,2325354,2345926,8302,20572,6187,25877,5701,23173,486,2704,134,2026,7604,15503,7738,17529,78,339
332,29820,,,"Las Vegas-Henderson-Paradise, NV",Metropolitan Statistical Area,2265461,2273386,2292476,7925,19090,6101,25488,5482,22163,619,3325,135,2036,7086,13359,7221,15395,85,370
332,29820,,32003,"Clark County, NV",County or equivalent,2265461,2273386,2292476,7925,19090,6101,25488,5482,22163,619,3325,135,2036,7086,13359,7221,15395,85,370
332,37220,,,"Pahrump, NV",Micropolitan Statistical Area,51591,51968,53450,377,1482,86,389,219,1010,-133,-621,-1,-10,518,2144,517,2134,-7,-31
332,37220,,32023,"Nye County, NV",County or equivalent,51591,51968,53450,377,1482,86,389,219,1010,-133,-621,-1,-10,518,2144,517,2134,-7,-31
336,,,,"Lexington-Fayette--Richmond--Frankfort, KY",Combined Statistical Area,746045,746434,749512,389,3078,2041,8136,2096,7827,-55,309,14,283,418,2422,432,2705,12,64
336,23180,,,"Frankfort, KY",Micropolitan Statistical Area,75393,75438,75717,45,279,198,739,237,935,-39,-196,2,32,82,435,84,467,0,8
336,23180,,21005,"Anderson County, KY",County or equivalent,23852,23869,24035,17,166,67,240,76,277,-9,-37,0,0,25,204,25,204,1,-1
336,23180,,21073,"Franklin County, KY",County or equivalent,51541,51569,51682,28,113,131,499,161,658,-30,-159,2,32,57,231,59,263,-1,9
336,30460,,,"Lexington-Fayette, KY",Metropolitan Statistical Area,516811,517028,517846,217,818,1462,5721,1375,5008,87,713,12,244,109,-201,121,43,9,62
336,30460,,21017,"Bourbon County, KY",County or equivalent,20252,20285,20229,33,-56,44,188,56,264,-12,-76,0,-2,47,18,47,16,-2,4
336,30460,,21049,"Clark County, KY",County or equivalent,36972,36999,36871,27,-128,92,403,111,462,-19,-59,1,8,46,-84,47,-76,-1,7
336,30460,,21067,"Fayette County, KY",County or equivalent,322570,322403,321793,-167,-610,927,3631,844,2945,83,686,11,226,-269,-1564,-258,-1338,8,42
336,30460,,21113,"Jessamine County, KY",County or equivalent,52991,52972,53626,-19,654,143,591,146,551,-3,40,0,14,-16,598,-16,612,0,2
336,30460,,21209,"Scott County, KY",County or equivalent,57155,57477,58252,322,775,194,673,154,498,40,175,0,6,277,588,277,594,5,6
336,30460,,21239,"Woodford County, KY",County or equivalent,26871,26892,27075,21,183,62,235,64,288,-2,-53,0,-8,24,243,24,235,-1,1
336,34460,,,"Mount Sterling, KY",Micropolitan Statistical Area,46977,46914,47191,-63,277,117,558,165,649,-48,-91,0,0,-14,364,-14,364,-1,4
336,34460,,21011,"Bath County, KY",County or equivalent,12750,12708,12778,-42,70,33,165,57,183,-24,-18,0,2,-19,85,-19,87,1,1
336,34460,,21165,"Menifee County, KY",County or equivalent,6113,6115,6194,2,79,18,72,27,106,-9,-34,0,0,12,113,12,113,-1,0
336,34460,,21173,"Montgomery County, KY",County or equivalent,28114,28091,28219,-23,128,66,321,81,360,-15,-39,0,-2,-7,166,-7,164,-1,3
336,40080,,,"Richmond-Berea, KY",Micropolitan Statistical Area,106864,107054,108758,190,1704,264,1118,319,1235,-55,-117,0,7,241,1824,241,1831,4,-10
336,40080,,21065,"Estill County, KY",County or equivalent,14163,14134,14092,-29,-42,30,139,62,206,-32,-67,0,0,4,22,4,22,-1,3
336,40080,,21151,"Madison County, KY",County or equivalent,92701,92920,94666,219,1746,234,979,257,1029,-23,-50,0,7,237,1802,237,1809,5,-13
338,,,,"Lima-Van Wert-Celina, OH",Combined Statistical Area,220087,219819,218852,-268,-967,650,2618,714,2860,-64,-242,2,24,-199,-781,-197,-757,-7,32
338,16380,,,"Celina, OH",Micropolitan Statistical Area,42528,42471,42309,-57,-162,147,622,140,504,7,118,0,12,-62,-295,-62,-283,-2,3
338,16380,,39107,"Mercer County, OH",County or equivalent,42528,42471,42309,-57,-162,147,622,140,504,7,118,0,12,-62,-295,-62,-283,-2,3
338,30620,,,"Lima, OH",Metropolitan Statistical Area,102206,102059,101670,-147,-389,298,1166,314,1361,-16,-195,0,8,-129,-220,-129,-212,-2,18
338,30620,,39003,"Allen County, OH",County or equivalent,102206,102059,101670,-147,-389,298,1166,314,1361,-16,-195,0,8,-129,-220,-129,-212,-2,18
338,46780,,,"Van Wert, OH",Micropolitan Statistical Area,28931,28878,28732,-53,-146,74,326,101,378,-27,-52,2,3,-27,-100,-25,-97,-1,3
338,46780,,39161,"Van Wert County, OH",County or equivalent,28931,28878,28732,-53,-146,74,326,101,378,-27,-52,2,3,-27,-100,-25,-97,-1,3
338,47540,,,"Wapakoneta, OH",Micropolitan Statistical Area,46422,46411,46141,-11,-270,131,504,159,617,-28,-113,0,1,19,-166,19,-165,-2,8
338,47540,,39011,"Auglaize County, OH",County or equivalent,46422,46411,46141,-11,-270,131,504,159,617,-28,-113,0,1,19,-166,19,-165,-2,8
339,,,,"Lincoln-Beatrice, NE",Combined Statistical Area,361921,362178,363733,257,1555,1045,3923,819,3036,226,887,4,185,24,403,28,588,3,80
339,13100,,,"Beatrice, NE",Micropolitan Statistical Area,21704,21663,21616,-41,-47,55,197,70,279,-15,-82,0,3,-25,29,-25,32,-1,3
339,13100,,31067,"Gage County, NE",County or equivalent,21704,21663,21616,-41,-47,55,197,70,279,-15,-82,0,3,-25,29,-25,32,-1,3
339,30700,,,"Lincoln, NE",Metropolitan Statistical Area,340217,340515,342117,298,1602,990,3726,749,2757,241,969,4,182,49,374,53,556,4,77
339,30700,,31109,"Lancaster County, NE",County or equivalent,322608,322910,324514,302,1604,942,3558,714,2573,228,985,5,182,64,365,69,547,5,72
339,30700,,31159,"Seward County, NE",County or equivalent,17609,17605,17603,-4,-2,48,168,35,184,13,-16,-1,0,-15,9,-16,9,-1,5
340,,,,"Little Rock-North Little Rock, AR",Combined Statistical Area,912604,912478,914555,-126,2077,2571,10617,2705,10816,-134,-199,10,256,-3,1944,7,2200,1,76
340,30780,,,"Little Rock-North Little Rock-Conway, AR",Metropolitan Statistical Area,748031,748434,750936,403,2502,2179,8865,2168,8595,11,270,10,207,379,1954,389,2161,3,71
340,30780,,05045,"Faulkner County, AR",County or equivalent,123498,123666,125106,168,1440,329,1451,304,1284,25,167,1,62,137,1200,138,1262,5,11
340,30780,,05053,"Grant County, AR",County or equivalent,17958,17975,18090,17,115,44,186,72,248,-28,-62,0,0,45,178,45,178,0,-1
340,30780,,05085,"Lonoke County, AR",County or equivalent,74015,74042,74722,27,680,227,867,232,839,-5,28,0,9,29,636,29,645,3,7
340,30780,,05105,"Perry County, AR",County or equivalent,10019,9997,9964,-22,-33,30,92,42,162,-12,-70,0,0,-10,37,-10,37,0,0
340,30780,,05119,"Pulaski County, AR",County or equivalent,399125,399073,397821,-52,-1252,1239,4948,1165,4632,74,316,8,118,-132,-1743,-124,-1625,-2,57
340,30780,,05125,"Saline County, AR",County or equivalent,123416,123681,125233,265,1552,310,1321,353,1430,-43,-109,1,18,310,1646,311,1664,-3,-3
340,38220,,,"Pine Bluff, AR",Metropolitan Statistical Area,87751,87234,86412,-517,-822,210,920,316,1201,-106,-281,0,41,-409,-582,-409,-541,-2,0
340,38220,,05025,"Cleveland County, AR",County or equivalent,7550,7544,7514,-6,-30,20,78,38,99,-18,-21,0,0,13,-11,13,-11,-1,2
340,38220,,05069,"Jefferson County, AR",County or equivalent,67260,66811,65861,-449,-950,169,757,224,944,-55,-187,0,32,-394,-794,-394,-762,0,-1
340,38220,,05079,"Lincoln County, AR",County or equivalent,12941,12879,13037,-62,158,21,85,54,158,-33,-73,0,9,-28,223,-28,232,-1,-1
340,42620,,,"Searcy, AR",Micropolitan Statistical Area,76822,76810,77207,-12,397,182,832,221,1020,-39,-188,0,8,27,572,27,580,0,5
340,42620,,05145,"White County, AR",County or equivalent,76822,76810,77207,-12,397,182,832,221,1020,-39,-188,0,8,27,572,27,580,0,5
348,,,,"Los Angeles-Long Beach, CA",Combined Statistical Area,18644680,18621691,18490242,-22989,-131449,47068,194731,39228,155744,7840,38987,-655,4188,-30748,-174195,-31403,-170007,574,-429
348,31080,,,"Los Angeles-Long Beach-Anaheim, CA",Metropolitan Statistical Area,13200998,13173266,12997353,-27732,-175913,31900,132063,26762,107458,5138,24605,-529,5237,-32750,-204776,-33279,-199539,409,-979
348,31080,11244,,"Anaheim-Santa Ana-Irvine, CA",Metropolitan Division,3186989,3184101,3167809,-2888,-16292,7723,32347,5980,25108,1743,7239,-86,1214,-4590,-25019,-4676,-23805,45,274
348,31080,11244,06059,"Orange County, CA",County or equivalent,3186989,3184101,3167809,-2888,-16292,7723,32347,5980,25108,1743,7239,-86,1214,-4590,-25019,-4676,-23805,45,274
348,31080,31084,,"Los Angeles-Long Beach-Glendale, CA",Metropolitan Division,10014009,9989165,9829544,-24844,-159621,24177,99716,20782,82350,3395,17366,-443,4023,-28160,-179757,-28603,-175734,364,-1253
348,31080,31084,06037,"Los Angeles County, CA",County or equivalent,10014009,9989165,9829544,-24844,-159621,24177,99716,20782,82350,3395,17366,-443,4023,-28160,-179757,-28603,-175734,364,-1253
348,37100,,,"Oxnard-Thousand Oaks-Ventura, CA",Metropolitan Statistical Area,843843,842921,839784,-922,-3137,2067,8380,1753,7178,314,1202,-42,-176,-1196,-4278,-1238,-4454,2,115
348,37100,,06111,"Ventura County, CA",County or equivalent,843843,842921,839784,-922,-3137,2067,8380,1753,7178,314,1202,-42,-176,-1196,-4278,-1238,-4454,2,115
348,40140,,,"Riverside-San Bernardino-Ontario, CA",Metropolitan Statistical Area,4599839,4605504,4653105,5665,47601,13101,54288,10713,41108,2388,13180,-84,-873,3198,34859,3114,33986,163,435
348,40140,,06065,"Riverside County, CA",County or equivalent,2418185,2422764,2458395,4579,35631,6646,27110,5593,22167,1053,4943,-38,-508,3520,31251,3482,30743,44,-55
348,40140,,06071,"San Bernardino County, CA",County or equivalent,2181654,2182740,2194710,1086,11970,6455,27178,5120,18941,1335,8237,-46,-365,-322,3608,-368,3243,119,490
350,,,,"Louisville/Jefferson County--Elizabethtown--Bardstown, KY-IN",Combined Statistical Area,1512133,1511720,1512785,-413,1065,4114,16939,4683,17868,-569,-929,27,627,141,1234,168,1861,-12,133
350,12680,,,"Bardstown, KY",Micropolitan Statistical Area,46738,46756,47098,18,342,118,519,134,546,-16,-27,0,-2,34,367,34,365,0,4
350,12680,,21179,"Nelson County, KY",County or equivalent,46738,46756,47098,18,342,118,519,134,546,-16,-27,0,-2,34,367,34,365,0,4
350,21060,,,"Elizabethtown-Fort Knox, KY",Metropolitan Statistical Area,155572,155570,156766,-2,1196,460,1760,473,1673,-13,87,0,9,11,1091,11,1100,0,9
350,21060,,21093,"Hardin County, KY",County or equivalent,110702,110719,111607,17,888,366,1334,343,1213,23,121,0,9,-8,749,-8,758,2,9
350,21060,,21123,"Larue County, KY",County or equivalent,14867,14870,15028,3,158,39,158,49,179,-10,-21,0,-1,14,182,14,181,-1,-2
350,21060,,21163,"Meade County, KY",County or equivalent,30003,29981,30131,-22,150,55,268,81,281,-26,-13,0,1,5,160,5,161,-1,2
350,31140,,,"Louisville/Jefferson County, KY-IN",Metropolitan Statistical Area,1285439,1285058,1284566,-381,-492,3486,14387,3982,15256,-496,-869,27,618,99,-358,126,260,-11,117
350,31140,,18019,"Clark County, IN",County or equivalent,121093,121282,122738,189,1456,341,1359,383,1432,-42,-73,-1,32,230,1494,229,1526,2,3
350,31140,,18043,"Floyd County, IN",County or equivalent,80484,80437,80454,-47,17,203,826,312,988,-109,-162,1,26,63,138,64,164,-2,15
350,31140,,18061,"Harrison County, IN",County or equivalent,39654,39652,39761,-2,109,104,378,129,488,-25,-110,0,4,25,212,25,216,-2,3
350,31140,,18175,"Washington County, IN",County or equivalent,28182,28220,28102,38,-118,78,320,83,367,-5,-47,0,2,42,-76,42,-74,1,3
350,31140,,21029,"Bullitt County, KY",County or equivalent,82217,82293,82918,76,625,212,784,218,861,-6,-77,0,6,83,691,83,697,-1,5
350,31140,,21103,"Henry County, KY",County or equivalent,15678,15666,15657,-12,-9,41,167,60,189,-19,-22,0,1,8,10,8,11,-1,2
350,31140,,21111,"Jefferson County, KY",County or equivalent,782969,782123,777874,-846,-4249,2208,9278,2498,9686,-290,-408,27,527,-572,-4458,-545,-3931,-11,90
350,31140,,21185,"Oldham County, KY",County or equivalent,67607,67642,68685,35,1043,126,539,141,528,-15,11,0,4,48,1036,48,1040,2,-8
350,31140,,21211,"Shelby County, KY",County or equivalent,48065,48179,48461,114,282,128,560,117,512,11,48,0,16,103,209,103,225,0,9
350,31140,,21215,"Spencer County, KY",County or equivalent,19490,19564,19916,74,352,45,176,41,205,4,-29,0,0,69,386,69,386,1,-5
350,42500,,,"Scottsburg, IN",Micropolitan Statistical Area,24384,24336,24355,-48,19,50,273,94,393,-44,-120,0,2,-3,134,-3,136,-1,3
350,42500,,18143,"Scott County, IN",County or equivalent,24384,24336,24355,-48,19,50,273,94,393,-44,-120,0,2,-3,134,-3,136,-1,3
352,,,,"Lubbock-Plainview-Levelland, TX",Combined Statistical Area,375427,376052,378828,625,2776,1176,4697,962,3940,214,757,-1,207,391,1754,390,1961,21,58
352,30220,,,"Levelland, TX",Micropolitan Statistical Area,21537,21490,21363,-47,-127,56,245,55,262,1,-17,0,10,-49,-123,-49,-113,1,3
352,30220,,48219,"Hockley County, TX",County or equivalent,21537,21490,21363,-47,-127,56,245,55,262,1,-17,0,10,-49,-123,-49,-113,1,3
352,31180,,,"Lubbock, TX",Metropolitan Statistical Area,321368,322123,325245,755,3122,1010,4090,823,3292,187,798,-1,182,551,2091,550,2273,18,51
352,31180,,48107,"Crosby County, TX",County or equivalent,5133,5098,5106,-35,8,13,59,14,66,-1,-7,0,0,-34,14,-34,14,0,1
352,31180,,48303,"Lubbock County, TX",County or equivalent,310639,311419,314451,780,3032,981,3943,789,3165,192,778,-1,182,572,2021,571,2203,17,51
352,31180,,48305,"Lynn County, TX",County or equivalent,5596,5606,5688,10,82,16,88,20,61,-4,27,0,0,13,56,13,56,1,-1
352,38380,,,"Plainview, TX",Micropolitan Statistical Area,32522,32439,32220,-83,-219,110,362,84,386,26,-24,0,15,-111,-214,-111,-199,2,4
352,38380,,48189,"Hale County, TX",County or equivalent,32522,32439,32220,-83,-219,110,362,84,386,26,-24,0,15,-111,-214,-111,-199,2,4
356,,,,"Macon-Bibb County--Warner Robins, GA",Combined Statistical Area,425416,425869,429129,453,3260,1172,4851,1299,5010,-127,-159,2,88,577,3315,579,3403,1,16
356,31420,,,"Macon-Bibb County, GA",Metropolitan Statistical Area,233802,233592,233883,-210,291,617,2596,809,3112,-192,-516,0,64,-12,722,-12,786,-6,21
356,31420,,13021,"Bibb County, GA",County or equivalent,157346,157104,156762,-242,-342,460,1970,533,2051,-73,-81,0,58,-168,-350,-168,-292,-1,31
356,31420,,13079,"Crawford County, GA",County or equivalent,12130,12100,12153,-30,53,31,85,45,161,-14,-76,0,0,-15,129,-15,129,-1,0
356,31420,,13169,"Jones County, GA",County or equivalent,28347,28356,28400,9,44,53,237,91,328,-38,-91,0,1,49,132,49,133,-2,2
356,31420,,13207,"Monroe County, GA",County or equivalent,27957,28046,28712,89,666,63,236,94,405,-31,-169,0,1,121,847,121,848,-1,-13
356,31420,,13289,"Twiggs County, GA",County or equivalent,8022,7986,7856,-36,-130,10,68,46,167,-36,-99,0,4,1,-36,1,-32,-1,1
356,47580,,,"Warner Robins, GA",Metropolitan Statistical Area,191614,192277,195246,663,2969,555,2255,490,1898,65,357,2,24,589,2593,591,2617,7,-5
356,47580,,13153,"Houston County, GA",County or equivalent,163633,164242,166829,609,2587,470,1922,402,1593,68,329,2,25,533,2238,535,2263,6,-5
356,47580,,13225,"Peach County, GA",County or equivalent,27981,28035,28417,54,382,85,333,88,305,-3,28,0,-1,56,355,56,354,1,0
357,,,,"Madison-Janesville-Beloit, WI",Combined Statistical Area,910246,910845,913261,599,2416,2449,9133,2071,8044,378,1089,34,717,185,427,219,1144,2,183
357,12660,,,"Baraboo, WI",Micropolitan Statistical Area,65763,65718,65697,-45,-21,183,688,201,718,-18,-30,0,21,-24,-26,-24,-5,-3,14
357,12660,,55111,"Sauk County, WI",County or equivalent,65763,65718,65697,-45,-21,183,688,201,718,-18,-30,0,21,-24,-26,-24,-5,-3,14
357,27500,,,"Janesville-Beloit, WI",Metropolitan Statistical Area,163687,163643,164381,-44,738,464,1817,468,1866,-4,-49,0,12,-36,752,-36,764,-4,23
357,27500,,55105,"Rock County, WI",County or equivalent,163687,163643,164381,-44,738,464,1817,468,1866,-4,-49,0,12,-36,752,-36,764,-4,23
357,31540,,,"Madison, WI",Metropolitan Statistical Area,680796,681484,683183,688,1699,1802,6628,1402,5460,400,1168,34,684,245,-299,279,385,9,146
357,31540,,55021,"Columbia County, WI",County or equivalent,58490,58510,58488,20,-22,158,544,161,629,-3,-85,0,12,25,39,25,51,-2,12
357,31540,,55025,"Dane County, WI",County or equivalent,561504,562306,563951,802,1645,1508,5532,1043,4186,465,1346,34,666,290,-492,324,174,13,125
357,31540,,55045,"Green County, WI",County or equivalent,37093,36992,36988,-101,-4,84,325,125,431,-41,-106,0,4,-59,93,-59,97,-1,5
357,31540,,55049,"Iowa County, WI",County or equivalent,23709,23676,23756,-33,80,52,227,73,214,-21,13,0,2,-11,61,-11,63,-1,4
359,,,,"Mankato-New Ulm, MN",Combined Statistical Area,129478,129548,129431,70,-117,352,1246,297,1143,55,103,0,82,15,-320,15,-238,0,18
359,31860,,,"Mankato, MN",Metropolitan Statistical Area,103566,103663,103612,97,-51,285,1016,224,808,61,208,0,79,34,-353,34,-274,2,15
359,31860,,27013,"Blue Earth County, MN",County or equivalent,69112,69173,69280,61,107,201,684,151,538,50,146,0,69,10,-122,10,-53,1,14
359,31860,,27103,"Nicollet County, MN",County or equivalent,34454,34490,34332,36,-158,84,332,73,270,11,62,0,10,24,-231,24,-221,1,1
359,35580,,,"New Ulm, MN",Micropolitan Statistical Area,25912,25885,25819,-27,-66,67,230,73,335,-6,-105,0,3,-19,33,-19,36,-2,3
359,35580,,27015,"Brown County, MN",County or equivalent,25912,25885,25819,-27,-66,67,230,73,335,-6,-105,0,3,-19,33,-19,36,-2,3
360,,,,"Mansfield-Ashland-Bucyrus, OH",Combined Statistical Area,219408,219188,219265,-220,77,546,2361,788,3038,-242,-677,-1,32,38,694,37,726,-15,28
360,11740,,,"Ashland, OH",Micropolitan Statistical Area,52447,52420,52316,-27,-104,134,571,171,701,-37,-130,0,11,13,6,13,17,-3,9
360,11740,,39005,"Ashland County, OH",County or equivalent,52447,52420,52316,-27,-104,134,571,171,701,-37,-130,0,11,13,6,13,17,-3,9
360,15340,,,"Bucyrus-Galion, OH",Micropolitan Statistical Area,42025,41928,41754,-97,-174,98,432,193,617,-95,-185,0,8,2,-4,2,4,-4,7
360,15340,,39033,"Crawford County, OH",County or equivalent,42025,41928,41754,-97,-174,98,432,193,617,-95,-185,0,8,2,-4,2,4,-4,7
360,31900,,,"Mansfield, OH",Metropolitan Statistical Area,124936,124840,125195,-96,355,314,1358,424,1720,-110,-362,-1,13,23,692,22,705,-8,12
360,31900,,39139,"Richland County, OH",County or equivalent,124936,124840,125195,-96,355,314,1358,424,1720,-110,-362,-1,13,23,692,22,705,-8,12
361,,,,"Marinette-Iron Mountain, WI-MI",Combined Statistical Area,95879,95734,95554,-145,-180,194,786,336,1330,-142,-544,2,8,5,351,7,359,-10,5
361,27020,,,"Iron Mountain, MI-WI",Micropolitan Statistical Area,30505,30442,30380,-63,-62,63,234,93,422,-30,-188,0,3,-30,122,-30,125,-3,1
361,27020,,26043,"Dickinson County, MI",County or equivalent,25947,25886,25787,-61,-99,60,206,80,350,-20,-144,0,3,-38,39,-38,42,-3,3
361,27020,,55037,"Florence County, WI",County or equivalent,4558,4556,4593,-2,37,3,28,13,72,-10,-44,0,0,8,83,8,83,0,-2
361,31940,,,"Marinette, WI-MI",Micropolitan Statistical Area,65374,65292,65174,-82,-118,131,552,243,908,-112,-356,2,5,35,229,37,234,-7,4
361,31940,,26109,"Menominee County, MI",County or equivalent,23502,23423,23299,-79,-124,36,191,87,311,-51,-120,0,0,-25,-6,-25,-6,-3,2
361,31940,,55075,"Marinette County, WI",County or equivalent,41872,41869,41875,-3,6,95,361,156,597,-61,-236,2,5,60,235,62,240,-4,2
362,,,,"Martin-Union City, TN",Combined Statistical Area,63689,63580,63502,-109,-78,136,644,240,959,-104,-315,0,19,0,210,0,229,-5,8
362,32280,,,"Martin, TN",Micropolitan Statistical Area,32902,32864,33036,-38,172,74,321,119,440,-45,-119,0,13,10,275,10,288,-3,3
362,32280,,47183,"Weakley County, TN",County or equivalent,32902,32864,33036,-38,172,74,321,119,440,-45,-119,0,13,10,275,10,288,-3,3
362,46460,,,"Union City, TN",Micropolitan Statistical Area,30787,30716,30466,-71,-250,62,323,121,519,-59,-196,0,6,-10,-65,-10,-59,-2,5
362,46460,,47131,"Obion County, TN",County or equivalent,30787,30716,30466,-71,-250,62,323,121,519,-59,-196,0,6,-10,-65,-10,-59,-2,5
365,,,,"McAllen-Edinburg, TX",Combined Statistical Area,936701,938039,946405,1338,8366,3445,14298,1580,6364,1865,7934,-79,-53,-517,230,-596,177,69,255
365,32580,,,"McAllen-Edinburg-Mission, TX",Metropolitan Statistical Area,870781,872204,880356,1423,8152,3214,13191,1450,5852,1764,7339,-80,15,-325,554,-405,569,64,244
365,32580,,48215,"Hidalgo County, TX",County or equivalent,870781,872204,880356,1423,8152,3214,13191,1450,5852,1764,7339,-80,15,-325,554,-405,569,64,244
365,40100,,,"Rio Grande City-Roma, TX",Micropolitan Statistical Area,65920,65835,66049,-85,214,231,1107,130,512,101,595,1,-68,-192,-324,-191,-392,5,11
365,40100,,48427,"Starr County, TX",County or equivalent,65920,65835,66049,-85,214,231,1107,130,512,101,595,1,-68,-192,-324,-191,-392,5,11
366,,,,"Medford-Grants Pass, OR",Combined Statistical Area,311349,311499,312080,150,581,725,2834,1121,4346,-396,-1512,1,-13,576,2098,577,2085,-31,8
366,24420,,,"Grants Pass, OR",Metropolitan Statistical Area,88090,88105,88346,15,241,195,748,388,1443,-193,-695,0,4,220,936,220,940,-12,-4
366,24420,,41033,"Josephine County, OR",County or equivalent,88090,88105,88346,15,241,195,748,388,1443,-193,-695,0,4,220,936,220,940,-12,-4
366,32780,,,"Medford, OR",Metropolitan Statistical Area,223259,223394,223734,135,340,530,2086,733,2903,-203,-817,1,-17,356,1162,357,1145,-19,12
366,32780,,41029,"Jackson County, OR",County or equivalent,223259,223394,223734,135,340,530,2086,733,2903,-203,-817,1,-17,356,1162,357,1145,-19,12
368,,,,"Memphis-Forrest City, TN-MS-AR",Combined Statistical Area,1360869,1360357,1358842,-512,-1515,4241,17133,4135,15694,106,1439,10,276,-665,-3359,-655,-3083,37,129
368,22620,,,"Forrest City, AR",Micropolitan Statistical Area,23090,23046,22739,-44,-307,95,309,77,302,18,7,0,7,-63,-318,-63,-311,1,-3
368,22620,,05123,"St. Francis County, AR",County or equivalent,23090,23046,22739,-44,-307,95,309,77,302,18,7,0,7,-63,-318,-63,-311,1,-3
368,32820,,,"Memphis, TN-MS-AR",Metropolitan Statistical Area,1337779,1337311,1336103,-468,-1208,4146,16824,4058,15392,88,1432,10,269,-602,-3041,-592,-2772,36,132
368,32820,,05035,"Crittenden County, AR",County or equivalent,48163,48067,47525,-96,-542,164,657,162,643,2,14,0,8,-99,-565,-99,-557,1,1
368,32820,,28033,"DeSoto County, MS",County or equivalent,185314,185902,188633,588,2731,518,2022,523,1753,-5,269,2,17,585,2453,587,2470,6,-8
368,32820,,28093,"Marshall County, MS",County or equivalent,33752,33754,33725,2,-29,104,366,126,543,-22,-177,0,0,25,146,25,146,-1,2
368,32820,,28137,"Tate County, MS",County or equivalent,28064,28124,28234,60,110,85,360,84,361,1,-1,0,-1,59,107,59,106,0,5
368,32820,,28143,"Tunica County, MS",County or equivalent,9782,9720,9696,-62,-24,36,143,30,100,6,43,0,0,-69,-68,-69,-68,1,1
368,32820,,47047,"Fayette County, TN",County or equivalent,41990,42139,42832,149,693,99,376,121,582,-22,-206,0,-1,172,906,172,905,-1,-6
368,32820,,47157,"Shelby County, TN",County or equivalent,929744,928644,924454,-1100,-4190,2994,12243,2811,10668,183,1575,8,244,-1320,-6132,-1312,-5888,29,123
368,32820,,47167,"Tipton County, TN",County or equivalent,60970,60961,61004,-9,43,146,657,201,742,-55,-85,0,2,45,112,45,114,1,14
370,,,,"Miami-Port St. Lucie-Fort Lauderdale, FL",Combined Statistical Area,6868652,6859399,6841100,-9253,-18299,16553,68330,18846,74621,-2293,-6291,1281,23323,-7977,-35015,-6696,-11692,-264,-316
370,28580,,,"Key West, FL",Micropolitan Statistical Area,82874,82809,82170,-65,-639,180,639,212,795,-32,-156,3,133,-29,-624,-26,-491,-7,8
370,28580,,12087,"Monroe County, FL",County or equivalent,82874,82809,82170,-65,-639,180,639,212,795,-32,-156,3,133,-29,-624,-26,-491,-7,8
370,33100,,,"Miami-Fort Lauderdale-Pompano Beach, FL",Metropolitan Statistical Area,6138333,6126441,6091747,-11892,-34694,15069,62222,16372,64333,-1303,-2111,1265,22764,-11684,-55305,-10419,-32541,-170,-42
370,33100,22744,,"Fort Lauderdale-Pompano Beach-Sunrise, FL",Metropolitan Division,1944375,1941516,1930983,-2859,-10533,4931,20130,4956,19099,-25,1031,246,5550,-3053,-17205,-2807,-11655,-27,91
370,33100,22744,12011,"Broward County, FL",County or equivalent,1944375,1941516,1930983,-2859,-10533,4931,20130,4956,19099,-25,1031,246,5550,-3053,-17205,-2807,-11655,-27,91
370,33100,33124,,"Miami-Miami Beach-Kendall, FL",Metropolitan Division,2701767,2692459,2662777,-9308,-29682,6772,27851,6840,26611,-68,1240,742,14195,-10011,-44787,-9269,-30592,29,-330
370,33100,33124,12086,"Miami-Dade County, FL",County or equivalent,2701767,2692459,2662777,-9308,-29682,6772,27851,6840,26611,-68,1240,742,14195,-10011,-44787,-9269,-30592,29,-330
370,33100,48424,,"West Palm Beach-Boca Raton-Boynton Beach, FL",Metropolitan Division,1492191,1492466,1497987,275,5521,3366,14241,4576,18623,-1210,-4382,277,3019,1380,6687,1657,9706,-172,197
370,33100,48424,12099,"Palm Beach County, FL",County or equivalent,1492191,1492466,1497987,275,5521,3366,14241,4576,18623,-1210,-4382,277,3019,1380,6687,1657,9706,-172,197
370,38940,,,"Port St. Lucie, FL",Metropolitan Statistical Area,487657,489804,503521,2147,13717,1024,4232,1629,6930,-605,-2698,12,297,2795,16348,2807,16645,-55,-230
370,38940,,12085,"Martin County, FL",County or equivalent,158431,158529,159942,98,1413,308,1197,616,2501,-308,-1304,-3,49,441,2693,438,2742,-32,-25
370,38940,,12111,"St. Lucie County, FL",County or equivalent,329226,331275,343579,2049,12304,716,3035,1013,4429,-297,-1394,15,248,2354,13655,2369,13903,-23,-205
370,42680,,,"Sebastian-Vero Beach, FL",Metropolitan Statistical Area,159788,160345,163662,557,3317,280,1237,633,2563,-353,-1326,1,129,941,4566,942,4695,-32,-52
370,42680,,12061,"Indian River County, FL",County or equivalent,159788,160345,163662,557,3317,280,1237,633,2563,-353,-1326,1,129,941,4566,942,4695,-32,-52
372,,,,"Midland-Odessa, TX",Combined Statistical Area,340391,340938,334271,547,-6667,1495,5982,723,2883,772,3099,3,284,-262,-9925,-259,-9641,34,-125
372,33260,,,"Midland, TX",Metropolitan Statistical Area,175220,175471,173180,251,-2291,745,2923,355,1416,390,1507,0,150,-157,-3913,-157,-3763,18,-35
372,33260,,48317,"Martin County, TX",County or equivalent,5237,5250,5211,13,-39,20,80,14,53,6,27,0,0,6,-66,6,-66,1,0
372,33260,,48329,"Midland County, TX",County or equivalent,169983,170221,167969,238,-2252,725,2843,341,1363,384,1480,0,150,-163,-3847,-163,-3697,17,-35
372,36220,,,"Odessa, TX",Metropolitan Statistical Area,165171,165467,161091,296,-4376,750,3059,368,1467,382,1592,3,134,-105,-6012,-102,-5878,16,-90
372,36220,,48135,"Ector County, TX",County or equivalent,165171,165467,161091,296,-4376,750,3059,368,1467,382,1592,3,134,-105,-6012,-102,-5878,16,-90
376,,,,"Milwaukee-Racine-Waukesha, WI",Combined Statistical Area,2053232,2051657,2044438,-1575,-7219,5767,22494,5828,22743,-61,-249,63,1008,-1554,-8062,-1491,-7054,-23,84
376,13180,,,"Beaver Dam, WI",Micropolitan Statistical Area,89396,89262,89313,-134,51,207,734,315,1141,-108,-407,0,12,-24,435,-24,447,-2,11
376,13180,,55027,"Dodge County, WI",County or equivalent,89396,89262,89313,-134,51,207,734,315,1141,-108,-407,0,12,-24,435,-24,447,-2,11
376,33340,,,"Milwaukee-Waukesha, WI",Metropolitan Statistical Area,1574731,1573598,1566487,-1133,-7111,4611,17948,4418,17227,193,721,64,938,-1379,-8780,-1315,-7842,-11,10
376,33340,,55079,"Milwaukee County, WI",County or equivalent,939489,938149,928059,-1340,-10090,3052,12364,2647,10375,405,1989,60,722,-1830,-12764,-1770,-12042,25,-37
376,33340,,55089,"Ozaukee County, WI",County or equivalent,91503,91569,92497,66,928,237,779,267,975,-30,-196,-1,38,105,1091,104,1129,-8,-5
376,33340,,55131,"Washington County, WI",County or equivalent,136761,136732,137175,-29,443,321,1178,368,1439,-47,-261,0,14,23,673,23,687,-5,17
376,33340,,55133,"Waukesha County, WI",County or equivalent,406978,407148,408756,170,1608,1001,3627,1136,4438,-135,-811,5,164,323,2220,328,2384,-23,35
376,39540,,,"Racine, WI",Metropolitan Statistical Area,197727,197440,196896,-287,-544,511,2175,588,2231,-77,-56,-1,48,-207,-571,-208,-523,-2,35
376,39540,,55101,"Racine County, WI",County or equivalent,197727,197440,196896,-287,-544,511,2175,588,2231,-77,-56,-1,48,-207,-571,-208,-523,-2,35
376,48020,,,"Watertown-Fort Atkinson, WI",Micropolitan Statistical Area,84900,84858,84943,-42,85,203,777,225,902,-22,-125,0,13,-17,182,-17,195,-3,15
376,48020,,55055,"Jefferson County, WI",County or equivalent,84900,84858,84943,-42,85,203,777,225,902,-22,-125,0,13,-17,182,-17,195,-3,15
376,48580,,,"Whitewater, WI",Micropolitan Statistical Area,106478,106499,106799,21,300,235,860,282,1242,-47,-382,0,-3,73,672,73,669,-5,13
376,48580,,55127,"Walworth County, WI",County or equivalent,106478,106499,106799,21,300,235,860,282,1242,-47,-382,0,-3,73,672,73,669,-5,13
378,,,,"Minneapolis-St. Paul, MN-WI",Combined Statistical Area,4078788,4080727,4080232,1939,-495,11912,45867,8640,34492,3272,11375,172,3247,-1560,-15119,-1388,-11872,55,2
378,22060,,,"Faribault-Northfield, MN",Micropolitan Statistical Area,67097,67030,67262,-67,232,153,671,148,610,5,61,1,81,-73,75,-72,156,0,15
378,22060,,27131,"Rice County, MN",County or equivalent,67097,67030,67262,-67,232,153,671,148,610,5,61,1,81,-73,75,-72,156,0,15
378,26780,,,"Hutchinson, MN",Micropolitan Statistical Area,36771,36701,36735,-70,34,81,386,115,442,-34,-56,0,4,-34,79,-34,83,-2,7
378,26780,,27085,"McLeod County, MN",County or equivalent,36771,36701,36735,-70,34,81,386,115,442,-34,-56,0,4,-34,79,-34,83,-2,7
378,33460,,,"Minneapolis-St. Paul-Bloomington, MN-WI",Metropolitan Statistical Area,3690261,3692421,3690512,2160,-1909,10820,41501,7646,30718,3174,10783,164,2833,-1236,-15462,-1072,-12629,58,-63
378,33460,,27003,"Anoka County, MN",County or equivalent,363887,364299,367018,412,2719,1054,3966,722,2825,332,1141,0,202,75,1326,75,1528,5,50
378,33460,,27019,"Carver County, MN",County or equivalent,106922,107286,108626,364,1340,281,1098,142,718,139,380,-2,17,224,932,222,949,3,11
378,33460,,27025,"Chisago County, MN",County or equivalent,56621,56670,57469,49,799,161,551,135,487,26,64,0,9,24,726,24,735,-1,0
378,33460,,27037,"Dakota County, MN",County or equivalent,439882,440317,442038,435,1721,1268,4940,786,3452,482,1488,3,236,-56,-85,-53,151,6,82
378,33460,,27053,"Hennepin County, MN",County or equivalent,1281565,1281267,1267416,-298,-13851,3819,14722,2729,10975,1090,3747,91,1396,-1494,-18903,-1403,-17507,15,-91
378,33460,,27059,"Isanti County, MN",County or equivalent,41135,41383,41906,248,523,118,437,91,387,27,50,0,0,221,472,221,472,0,1
378,33460,,27079,"Le Sueur County, MN",County or equivalent,28674,28627,28841,-47,214,63,271,64,284,-1,-13,0,10,-46,217,-46,227,0,0
378,33460,,27095,"Mille Lacs County, MN",County or equivalent,26459,26410,26867,-49,457,61,280,104,336,-43,-56,0,3,-4,516,-4,519,-2,-6
378,33460,,27123,"Ramsey County, MN",County or equivalent,552352,551480,543257,-872,-8223,1815,6862,1307,5245,508,1617,73,737,-1464,-10478,-1391,-9741,11,-99
378,33460,,27139,"Scott County, MN",County or equivalent,150928,151265,153268,337,2003,429,1612,262,903,167,709,-1,75,162,1201,161,1276,9,18
378,33460,,27141,"Sherburne County, MN",County or equivalent,97183,97479,99074,296,1595,294,1155,198,725,96,430,0,23,195,1143,195,1166,5,-1
378,33460,,27163,"Washington County, MN",County or equivalent,267568,268191,272256,623,4065,643,2694,534,2193,109,501,0,90,515,3490,515,3580,-1,-16
378,33460,,27171,"Wright County, MN",County or equivalent,141337,141759,144845,422,3086,461,1653,274,1037,187,616,0,24,229,2460,229,2484,6,-14
378,33460,,55093,"Pierce County, WI",County or equivalent,42212,42191,42587,-21,396,99,337,95,374,4,-37,0,10,-25,421,-25,431,0,2
378,33460,,55109,"St. Croix County, WI",County or equivalent,93536,93797,95044,261,1247,254,923,203,777,51,146,0,1,208,1100,208,1101,2,0
378,36940,,,"Owatonna, MN",Micropolitan Statistical Area,37406,37352,37349,-54,-3,93,382,106,359,-13,23,-1,8,-39,-39,-40,-31,-1,5
378,36940,,27147,"Steele County, MN",County or equivalent,37406,37352,37349,-54,-3,93,382,106,359,-13,23,-1,8,-39,-39,-40,-31,-1,5
378,39860,,,"Red Wing, MN",Micropolitan Statistical Area,47582,47536,47968,-46,432,116,484,144,569,-28,-85,0,3,-15,514,-15,517,-3,0
378,39860,,27049,"Goodhue County, MN",County or equivalent,47582,47536,47968,-46,432,116,484,144,569,-28,-85,0,3,-15,514,-15,517,-3,0
378,41060,,,"St. Cloud, MN",Metropolitan Statistical Area,199671,199687,200406,16,719,649,2443,481,1794,168,649,8,318,-163,-286,-155,32,3,38
378,41060,,27009,"Benton County, MN",County or equivalent,41379,41338,41459,-41,121,127,486,113,449,14,37,0,37,-57,38,-57,75,2,9
378,41060,,27145,"Stearns County, MN",County or equivalent,158292,158349,158947,57,598,522,1957,368,1345,154,612,8,281,-106,-324,-98,-43,1,29
380,,,,"Mobile-Daphne-Fairhope, AL",Combined Statistical Area,661964,662686,667514,722,4828,1804,7492,2163,8562,-359,-1070,6,176,1089,5723,1095,5899,-14,-1
380,19300,,,"Daphne-Fairhope-Foley, AL",Metropolitan Statistical Area,231767,233140,239294,1373,6154,527,2260,661,2867,-134,-607,-1,63,1516,6780,1515,6843,-8,-82
380,19300,,01003,"Baldwin County, AL",County or equivalent,231767,233140,239294,1373,6154,527,2260,661,2867,-134,-607,-1,63,1516,6780,1515,6843,-8,-82
380,33660,,,"Mobile, AL",Metropolitan Statistical Area,430197,429546,428220,-651,-1326,1277,5232,1502,5695,-225,-463,7,113,-427,-1057,-420,-944,-6,81
380,33660,,01097,"Mobile County, AL",County or equivalent,414809,414250,413073,-559,-1177,1239,5081,1434,5460,-195,-379,7,112,-366,-987,-359,-875,-5,77
380,33660,,01129,"Washington County, AL",County or equivalent,15388,15296,15147,-92,-149,38,151,68,235,-30,-84,0,1,-61,-70,-61,-69,-1,4
384,,,,"Monroe-Ruston, LA",Combined Statistical Area,255500,254816,253036,-684,-1780,713,2888,834,3204,-121,-316,1,89,-567,-1581,-566,-1492,3,28
384,33740,,,"Monroe, LA",Metropolitan Statistical Area,207104,206557,204884,-547,-1673,600,2446,698,2727,-98,-281,0,47,-450,-1456,-450,-1409,1,17
384,33740,,22067,"Morehouse Parish, LA",County or equivalent,25629,25430,25025,-199,-405,68,290,124,427,-56,-137,0,3,-142,-270,-142,-267,-1,-1
384,33740,,22073,"Ouachita Parish, LA",County or equivalent,160368,160003,158768,-365,-1235,471,1913,503,1969,-32,-56,0,35,-336,-1229,-336,-1194,3,15
384,33740,,22111,"Union Parish, LA",County or equivalent,21107,21124,21091,17,-33,61,243,71,331,-10,-88,0,9,28,43,28,52,-1,3
384,40820,,,"Ruston, LA",Micropolitan Statistical Area,48396,48259,48152,-137,-107,113,442,136,477,-23,-35,1,42,-117,-125,-116,-83,2,11
384,40820,,22061,"Lincoln Parish, LA",County or equivalent,48396,48259,48152,-137,-107,113,442,136,477,-23,-35,1,42,-117,-125,-116,-83,2,11
388,,,,"Montgomery-Selma-Alexander City, AL",Combined Statistical Area,476207,475540,474890,-667,-650,1362,5614,1434,5834,-72,-220,-1,148,-595,-600,-596,-452,1,22
388,10760,,,"Alexander City, AL",Micropolitan Statistical Area,51698,51612,51473,-86,-139,120,461,211,863,-91,-402,0,5,10,256,10,261,-5,2
388,10760,,01037,"Coosa County, AL",County or equivalent,10387,10383,10450,-4,67,23,71,32,154,-9,-83,0,0,6,151,6,151,-1,-1
388,10760,,01123,"Tallapoosa County, AL",County or equivalent,41311,41229,41023,-82,-206,97,390,179,709,-82,-319,0,5,4,105,4,110,-4,3
388,33860,,,"Montgomery, AL",Metropolitan Statistical Area,386047,385738,385798,-309,60,1130,4727,1079,4404,51,323,-1,139,-365,-424,-366,-285,6,22
388,33860,,01001,"Autauga County, AL",County or equivalent,58805,58877,59095,72,218,143,649,168,681,-25,-32,0,5,97,237,97,242,0,8
388,33860,,01051,"Elmore County, AL",County or equivalent,87977,88116,89304,139,1188,227,906,233,997,-6,-91,0,10,143,1275,143,1285,2,-6
388,33860,,01085,"Lowndes County, AL",County or equivalent,10311,10297,9965,-14,-332,29,138,33,176,-4,-38,0,0,-10,-290,-10,-290,0,-4
388,33860,,01101,"Montgomery County, AL",County or equivalent,228954,228448,227434,-506,-1014,731,3034,645,2550,86,484,-1,124,-595,-1646,-596,-1522,4,24
388,42820,,,"Selma, AL",Micropolitan Statistical Area,38462,38190,37619,-272,-571,112,426,144,567,-32,-141,0,4,-240,-432,-240,-428,0,-2
388,42820,,01047,"Dallas County, AL",County or equivalent,38462,38190,37619,-272,-571,112,426,144,567,-32,-141,0,4,-240,-432,-240,-428,0,-2
390,,,,"Morgantown-Fairmont, WV",Combined Statistical Area,196243,196249,196746,6,497,544,1922,528,2102,16,-180,12,222,-18,416,-6,638,-4,39
390,21900,,,"Fairmont, WV",Micropolitan Statistical Area,56205,56157,56001,-48,-156,155,575,208,800,-53,-225,0,9,8,50,8,59,-3,10
390,21900,,54049,"Marion County, WV",County or equivalent,56205,56157,56001,-48,-156,155,575,208,800,-53,-225,0,9,8,50,8,59,-3,10
390,34060,,,"Morgantown, WV",Metropolitan Statistical Area,140038,140092,140745,54,653,389,1347,320,1302,69,45,12,213,-26,366,-14,579,-1,29
390,34060,,54061,"Monongalia County, WV",County or equivalent,105822,105916,106387,94,471,289,1002,196,888,93,114,11,212,-12,120,-1,332,2,25
390,34060,,54077,"Preston County, WV",County or equivalent,34216,34176,34358,-40,182,100,345,124,414,-24,-69,1,1,-14,246,-13,247,-3,4
393,,,,"Moses Lake-Othello, WA",Combined Statistical Area,119736,119970,120918,234,948,443,1681,255,1027,188,654,22,135,21,136,43,271,3,23
393,34180,,,"Moses Lake, WA",Micropolitan Statistical Area,99123,99365,100297,242,932,359,1329,227,885,132,444,18,86,89,382,107,468,3,20
393,34180,,53025,"Grant County, WA",County or equivalent,99123,99365,100297,242,932,359,1329,227,885,132,444,18,86,89,382,107,468,3,20
393,36830,,,"Othello, WA",Micropolitan Statistical Area,20613,20605,20621,-8,16,84,352,28,142,56,210,4,49,-68,-246,-64,-197,0,3
393,36830,,53001,"Adams County, WA",County or equivalent,20613,20605,20621,-8,16,84,352,28,142,56,210,4,49,-68,-246,-64,-197,0,3
394,,,,"Mount Pleasant-Alma, MI",Combined Statistical Area,106155,106150,106357,-5,207,236,991,267,1140,-31,-149,-1,25,27,312,26,337,0,19
394,10940,,,"Alma, MI",Micropolitan Statistical Area,41761,41662,41544,-99,-118,103,393,154,557,-51,-164,0,3,-47,34,-47,37,-1,9
394,10940,,26057,"Gratiot County, MI",County or equivalent,41761,41662,41544,-99,-118,103,393,154,557,-51,-164,0,3,-47,34,-47,37,-1,9
394,34380,,,"Mount Pleasant, MI",Micropolitan Statistical Area,64394,64488,64813,94,325,133,598,113,583,20,15,-1,22,74,278,73,300,1,10
394,34380,,26073,"Isabella County, MI",County or equivalent,64394,64488,64813,94,325,133,598,113,583,20,15,-1,22,74,278,73,300,1,10
396,,,,"Myrtle Beach-Conway, SC-NC",Combined Statistical Area,551126,555022,573715,3896,18693,1090,4473,1872,8434,-782,-3961,0,169,4728,22779,4728,22948,-50,-294
396,23860,,,"Georgetown, SC",Micropolitan Statistical Area,63404,63440,63921,36,481,108,498,244,1038,-136,-540,0,-1,184,1028,184,1027,-12,-6
396,23860,,45043,"Georgetown County, SC",County or equivalent,63404,63440,63921,36,481,108,498,244,1038,-136,-540,0,-1,184,1028,184,1027,-12,-6
396,34820,,,"Myrtle Beach-Conway-North Myrtle Beach, SC-NC",Metropolitan Statistical Area,487722,491582,509794,3860,18212,982,3975,1628,7396,-646,-3421,0,170,4544,21751,4544,21921,-38,-288
396,34820,,37019,"Brunswick County, NC",County or equivalent,136693,138084,144215,1391,6131,219,990,445,2273,-226,-1283,-1,-9,1634,7536,1633,7527,-16,-113
396,34820,,45051,"Horry County, SC",County or equivalent,351029,353498,365579,2469,12081,763,2985,1183,5123,-420,-2138,1,179,2910,14215,2911,14394,-22,-175
400,,,,"Nashville-Davidson--Murfreesboro, TN",Combined Statistical Area,2118233,2124275,2143407,6042,19132,6164,25060,5244,20883,920,4177,31,938,5012,14426,5043,15364,79,-409
400,29980,,,"Lawrenceburg, TN",Micropolitan Statistical Area,44159,44189,44828,30,639,134,515,173,671,-39,-156,0,0,70,802,70,802,-1,-7
400,29980,,47099,"Lawrence County, TN",County or equivalent,44159,44189,44828,30,639,134,515,173,671,-39,-156,0,0,70,802,70,802,-1,-7
400,30280,,,"Lewisburg, TN",Micropolitan Statistical Area,34318,34441,34984,123,543,105,392,94,457,11,-65,-1,12,111,600,110,612,2,-4
400,30280,,47117,"Marshall County, TN",County or equivalent,34318,34441,34984,123,543,105,392,94,457,11,-65,-1,12,111,600,110,612,2,-4
400,34980,,,"Nashville-Davidson--Murfreesboro--Franklin, TN",Metropolitan Statistical Area,1989519,1995343,2012476,5824,17133,5765,23478,4805,19182,960,4296,31,906,4756,12328,4787,13234,77,-397
400,34980,,47015,"Cannon County, TN",County or equivalent,14506,14547,14553,41,6,40,164,62,202,-22,-38,0,1,64,42,64,43,-1,1
400,34980,,47021,"Cheatham County, TN",County or equivalent,41072,41087,41523,15,436,95,451,147,496,-52,-45,1,12,65,466,66,478,1,3
400,34980,,47037,"Davidson County, TN",County or equivalent,715884,715486,703953,-398,-11533,2291,9614,1720,6795,571,2819,34,594,-1026,-14770,-992,-14176,23,-176
400,34980,,47043,"Dickson County, TN",County or equivalent,54315,54432,55292,117,860,152,610,157,664,-5,-54,0,5,122,911,122,916,0,-2
400,34980,,47111,"Macon County, TN",County or equivalent,25216,25243,25699,27,456,83,301,100,344,-17,-43,0,0,44,504,44,504,0,-5
400,34980,,47119,"Maury County, TN",County or equivalent,100974,101700,104760,726,3060,336,1229,298,1181,38,48,-1,-7,685,3050,684,3043,4,-31
400,34980,,47147,"Robertson County, TN",County or equivalent,72803,72860,74098,57,1238,187,859,242,876,-55,-17,0,39,111,1224,111,1263,1,-8
400,34980,,47149,"Rutherford County, TN",County or equivalent,341486,343128,352182,1642,9054,1010,4056,684,2681,326,1375,-5,126,1292,7614,1287,7740,29,-61
400,34980,,47159,"Smith County, TN",County or equivalent,19904,19939,20172,35,233,53,203,67,266,-14,-63,-1,1,50,297,49,298,0,-2
400,34980,,47165,"Sumner County, TN",County or equivalent,196281,197272,200557,991,3285,519,2098,500,2197,19,-99,1,33,967,3369,968,3402,4,-18
400,34980,,47169,"Trousdale County, TN",County or equivalent,11615,11661,12035,46,374,30,119,21,134,9,-15,0,-1,37,394,37,393,0,-4
400,34980,,47187,"Williamson County, TN",County or equivalent,247726,249424,255735,1698,6311,536,2202,378,1791,158,411,0,64,1529,5900,1529,5964,11,-64
400,34980,,47189,"Wilson County, TN",County or equivalent,147737,148564,151917,827,3353,433,1572,429,1555,4,17,2,39,816,3327,818,3366,5,-30
400,43180,,,"Shelbyville, TN",Micropolitan Statistical Area,50237,50302,51119,65,817,160,675,172,573,-12,102,1,20,75,696,76,716,1,-1
400,43180,,47003,"Bedford County, TN",County or equivalent,50237,50302,51119,65,817,160,675,172,573,-12,102,1,20,75,696,76,716,1,-1
404,,,,"New Bern-Morehead City, NC",Combined Statistical Area,189854,189644,190814,-210,1170,494,1895,662,2734,-168,-839,8,-5,-34,2032,-26,2027,-16,-18
404,33980,,,"Morehead City, NC",Micropolitan Statistical Area,67686,67656,68541,-30,885,126,482,267,1099,-141,-617,2,1,118,1521,120,1522,-9,-20
404,33980,,37031,"Carteret County, NC",County or equivalent,67686,67656,68541,-30,885,126,482,267,1099,-141,-617,2,1,118,1521,120,1522,-9,-20
404,35100,,,"New Bern, NC",Metropolitan Statistical Area,122168,121988,122273,-180,285,368,1413,395,1635,-27,-222,6,-6,-152,511,-146,505,-7,2
404,35100,,37049,"Craven County, NC",County or equivalent,100720,100552,100674,-168,122,323,1256,309,1286,14,-30,6,-5,-184,151,-178,146,-4,6
404,35100,,37103,"Jones County, NC",County or equivalent,9172,9156,9255,-16,99,27,77,31,149,-4,-72,0,0,-12,172,-12,172,0,-1
404,35100,,37137,"Pamlico County, NC",County or equivalent,12276,12280,12344,4,64,18,80,55,200,-37,-120,0,-1,44,188,44,187,-3,-3
406,,,,"New Orleans-Metairie-Hammond, LA-MS",Combined Statistical Area,1506610,1505425,1498579,-1185,-6846,4192,17662,4303,17729,-111,-67,59,1265,-1118,-7908,-1059,-6643,-15,-136
406,14220,,,"Bogalusa, LA",Micropolitan Statistical Area,45463,45370,45133,-93,-237,137,575,173,782,-36,-207,1,-1,-56,-37,-55,-38,-2,8
406,14220,,22117,"Washington Parish, LA",County or equivalent,45463,45370,45133,-93,-237,137,575,173,782,-36,-207,1,-1,-56,-37,-55,-38,-2,8
406,25220,,,"Hammond, LA",Metropolitan Statistical Area,133157,133549,135217,392,1668,396,1863,369,1617,27,246,0,27,361,1386,361,1413,4,9
406,25220,,22105,"Tangipahoa Parish, LA",County or equivalent,133157,133549,135217,392,1668,396,1863,369,1617,27,246,0,27,361,1386,361,1413,4,9
406,35380,,,"New Orleans-Metairie, LA",Metropolitan Statistical Area,1271845,1270366,1261726,-1479,-8640,3514,14626,3528,14530,-14,96,58,1241,-1508,-9824,-1450,-8583,-15,-153
406,35380,,22051,"Jefferson Parish, LA",County or equivalent,440781,439845,433688,-936,-6157,1347,5422,1297,5246,50,176,55,758,-1032,-7029,-977,-6271,-9,-62
406,35380,,22071,"Orleans Parish, LA",County or equivalent,383997,383282,376971,-715,-6311,1007,4448,1033,4295,-26,153,0,297,-685,-6699,-685,-6402,-4,-62
406,35380,,22075,"Plaquemines Parish, LA",County or equivalent,23515,23466,23303,-49,-163,64,255,56,227,8,28,0,4,-59,-198,-59,-194,2,3
406,35380,,22087,"St. Bernard Parish, LA",County or equivalent,43764,43838,44258,74,420,120,556,110,469,10,87,0,25,62,302,62,327,2,6
406,35380,,22089,"St. Charles Parish, LA",County or equivalent,52549,52481,52282,-68,-199,124,523,142,534,-18,-11,0,12,-52,-201,-52,-189,2,1
406,35380,,22093,"St. James Parish, LA",County or equivalent,20192,20127,19742,-65,-385,64,215,54,274,10,-59,0,2,-73,-326,-73,-324,-2,-2
406,35380,,22095,"St. John the Baptist Parish, LA",County or equivalent,42477,42394,42094,-83,-300,139,511,127,494,12,17,0,20,-97,-341,-97,-321,2,4
406,35380,,22103,"St. Tammany Parish, LA",County or equivalent,264570,264933,269388,363,4455,649,2696,709,2991,-60,-295,3,123,428,4668,431,4791,-8,-41
406,38100,,,"Picayune, MS",Micropolitan Statistical Area,56145,56140,56503,-5,363,145,598,233,800,-88,-202,0,-2,85,567,85,565,-2,0
406,38100,,28109,"Pearl River County, MS",County or equivalent,56145,56140,56503,-5,363,145,598,233,800,-88,-202,0,-2,85,567,85,565,-2,0
408,,,,"New York-Newark, NY-NJ-CT-PA",Combined Statistical Area,23582649,23534438,23216685,-48211,-317753,62970,248173,50828,211660,12142,36513,1484,27558,-61976,-377775,-60492,-350217,139,-4049
408,14860,,,"Bridgeport-Stamford-Norwalk, CT",Metropolitan Statistical Area,957419,955895,959768,-1524,3873,2291,9146,2129,8696,162,450,191,1810,-1889,1454,-1698,3264,12,159
408,14860,,09001,"Fairfield County, CT",County or equivalent,957419,955895,959768,-1524,3873,2291,9146,2129,8696,162,450,191,1810,-1889,1454,-1698,3264,12,159
408,20700,,,"East Stroudsburg, PA",Metropolitan Statistical Area,168327,168248,169273,-79,1025,345,1427,465,1945,-120,-518,-2,72,49,1473,47,1545,-6,-2
408,20700,,42089,"Monroe County, PA",County or equivalent,168327,168248,169273,-79,1025,345,1427,465,1945,-120,-518,-2,72,49,1473,47,1545,-6,-2
408,28740,,,"Kingston, NY",Metropolitan Statistical Area,181851,181687,182951,-164,1264,382,1493,526,2081,-144,-588,0,85,-6,1764,-6,1849,-14,3
408,28740,,36111,"Ulster County, NY",County or equivalent,181851,181687,182951,-164,1264,382,1493,526,2081,-144,-588,0,85,-6,1764,-6,1849,-14,3
408,35300,,,"New Haven-Milford, CT",Metropolitan Statistical Area,864835,863498,863700,-1337,202,2011,7980,2440,9516,-429,-1536,92,950,-984,619,-892,1569,-16,169
408,35300,,09009,"New Haven County, CT",County or equivalent,864835,863498,863700,-1337,202,2011,7980,2440,9516,-429,-1536,92,950,-984,619,-892,1569,-16,169
408,35620,,,"New York-Newark-Jersey City, NY-NJ-PA",Metropolitan Statistical Area,20140470,20096413,19768458,-44057,-327955,54681,215362,42342,177015,12339,38347,1161,23681,-57724,-385455,-56563,-361774,167,-4528
408,35620,35004,,"Nassau County-Suffolk County, NY",Metropolitan Division,2921694,2918077,2917251,-3617,-826,7012,27799,7081,28602,-69,-803,117,1274,-3618,-1784,-3501,-510,-47,487
408,35620,35004,36059,"Nassau County, NY",County or equivalent,1395774,1393978,1390907,-1796,-3071,3427,13199,3275,13143,152,56,44,574,-1965,-3922,-1921,-3348,-27,221
408,35620,35004,36103,"Suffolk County, NY",County or equivalent,1525920,1524099,1526344,-1821,2245,3585,14600,3806,15459,-221,-859,73,700,-1653,2138,-1580,2838,-20,266
408,35620,35084,,"Newark, NJ-PA",Metropolitan Division,2280061,2276894,2273431,-3167,-3463,5827,22674,5169,21207,658,1467,225,2904,-4081,-7938,-3856,-5034,31,104
408,35620,35084,34013,"Essex County, NJ",County or equivalent,863728,862032,854917,-1696,-7115,2352,9469,2011,8015,341,1454,141,1651,-2214,-10244,-2073,-8593,36,24
408,35620,35084,34019,"Hunterdon County, NJ",County or equivalent,128947,128839,129924,-108,1085,271,948,281,1140,-10,-192,0,62,-91,1223,-91,1285,-7,-8
408,35620,35084,34027,"Morris County, NJ",County or equivalent,509285,509001,510981,-284,1980,1178,4412,1087,4702,91,-290,13,274,-378,1938,-365,2212,-10,58
408,35620,35084,34037,"Sussex County, NJ",County or equivalent,144221,144082,145543,-139,1461,348,1194,340,1503,8,-309,-1,22,-142,1763,-143,1785,-4,-15
408,35620,35084,34039,"Union County, NJ",County or equivalent,575345,574349,572114,-996,-2235,1584,6273,1315,5221,269,1052,72,886,-1359,-4248,-1287,-3362,22,75
408,35620,35084,42103,"Pike County, PA",County or equivalent,58535,58591,59952,56,1361,94,378,135,626,-41,-248,0,9,103,1630,103,1639,-6,-30
408,35620,35154,,"New Brunswick-Lakewood, NJ",Metropolitan Division,2489367,2488909,2500806,-458,11897,6554,25749,6192,25629,362,120,130,1708,-899,9839,-769,11547,-51,230
408,35620,35154,34023,"Middlesex County, NJ",County or equivalent,863162,861908,860807,-1254,-1101,2062,8223,1754,7543,308,680,109,1347,-1689,-3297,-1580,-1950,18,169
408,35620,35154,34025,"Monmouth County, NJ",County or equivalent,643615,643163,645354,-452,2191,1490,5525,1680,6747,-190,-1222,2,78,-243,3284,-241,3362,-21,51
408,35620,35154,34029,"Ocean County, NJ",County or equivalent,637229,638824,648998,1595,10174,2261,9043,2047,8243,214,800,-1,46,1431,9376,1430,9422,-49,-48
408,35620,35154,34035,"Somerset County, NJ",County or equivalent,345361,345014,345647,-347,633,741,2958,711,3096,30,-138,20,237,-398,476,-378,713,1,58
408,35620,35614,,"New York-Jersey City-White Plains, NY-NJ",Metropolitan Division,12449348,12412533,12076970,-36815,-335563,35288,139140,23900,101577,11388,37563,689,17795,-49126,-385572,-48437,-367777,234,-5349
408,35620,35614,34003,"Bergen County, NJ",County or equivalent,955732,954774,953819,-958,-955,2225,8424,2101,8675,124,-251,110,869,-1178,-1737,-1068,-868,-14,164
408,35620,35614,34017,"Hudson County, NJ",County or equivalent,724854,722655,702463,-2199,-20192,2350,9337,1351,5412,999,3925,185,2281,-3421,-26012,-3236,-23731,38,-386
408,35620,35614,34031,"Passaic County, NJ",County or equivalent,524118,523100,518117,-1018,-4983,1567,6060,1262,4821,305,1239,77,846,-1416,-7057,-1339,-6211,16,-11
408,35620,35614,36005,"Bronx County, NY",County or equivalent,1472654,1466438,1424948,-6216,-41490,4494,18196,2937,12645,1557,5551,242,3532,-8113,-49840,-7871,-46308,98,-733
408,35620,35614,36047,"Kings County, NY",County or equivalent,2736074,2727393,2641052,-8681,-86341,8743,35247,4781,20534,3962,14713,-67,2897,-12653,-102352,-12720,-99455,77,-1599
408,35620,35614,36061,"New York County, NY",County or equivalent,1694251,1687834,1576876,-6417,-110958,4112,15643,3045,13412,1067,2231,103,2438,-7583,-113642,-7480,-111204,-4,-1985
408,35620,35614,36079,"Putnam County, NY",County or equivalent,97668,97660,97936,-8,276,217,776,216,916,1,-140,0,31,-5,375,-5,406,-4,10
408,35620,35614,36081,"Queens County, NY",County or equivalent,2405464,2395791,2331143,-9673,-64648,6483,25490,4282,18667,2201,6823,-22,3709,-11879,-74129,-11901,-70420,27,-1051
408,35620,35614,36085,"Richmond County, NY",County or equivalent,495747,495522,493494,-225,-2028,1273,5069,1068,4815,205,254,1,119,-428,-2486,-427,-2367,-3,85
408,35620,35614,36087,"Rockland County, NY",County or equivalent,338329,338121,339227,-208,1106,1374,5458,700,2863,674,2595,1,280,-894,-1810,-893,-1530,11,41
408,35620,35614,36119,"Westchester County, NY",County or equivalent,1004457,1003245,997895,-1212,-5350,2450,9440,2157,8817,293,623,59,793,-1556,-6882,-1497,-6089,-8,116
408,39100,,,"Poughkeepsie-Newburgh-Middletown, NY",Metropolitan Statistical Area,697221,697064,701637,-157,4573,1966,7558,1582,6533,384,1025,6,245,-552,3231,-546,3476,5,72
408,39100,,36027,"Dutchess County, NY",County or equivalent,295911,295742,297112,-169,1370,672,2583,736,3186,-64,-603,-1,131,-94,1821,-95,1952,-10,21
408,39100,,36071,"Orange County, NY",County or equivalent,401310,401322,404525,12,3203,1294,4975,846,3347,448,1628,7,114,-458,1410,-451,1524,15,51
408,45860,,,"Torrington, CT",Micropolitan Statistical Area,185186,184874,185000,-312,126,339,1331,538,2254,-199,-923,1,81,-98,959,-97,1040,-16,9
408,45860,,09005,"Litchfield County, CT",County or equivalent,185186,184874,185000,-312,126,339,1331,538,2254,-199,-923,1,81,-98,959,-97,1040,-16,9
408,45940,,,"Trenton-Princeton, NJ",Metropolitan Statistical Area,387340,386759,385898,-581,-861,955,3876,806,3620,149,256,35,634,-772,-1820,-737,-1186,7,69
408,45940,,34021,"Mercer County, NJ",County or equivalent,387340,386759,385898,-581,-861,955,3876,806,3620,149,256,35,634,-772,-1820,-737,-1186,7,69
412,,,,"North Port-Sarasota, FL",Combined Statistical Area,1054539,1059147,1089011,4608,29864,1809,7520,4034,16742,-2225,-9222,42,664,6996,38961,7038,39625,-205,-539
412,11580,,,"Arcadia, FL",Micropolitan Statistical Area,33976,34080,34408,104,328,87,374,112,455,-25,-81,3,39,127,369,130,408,-1,1
412,11580,,12027,"DeSoto County, FL",County or equivalent,33976,34080,34408,104,328,87,374,112,455,-25,-81,3,39,127,369,130,408,-1,1
412,35840,,,"North Port-Sarasota-Bradenton, FL",Metropolitan Statistical Area,833716,837107,859760,3391,22653,1463,6144,3091,12787,-1628,-6643,33,505,5141,29186,5174,29691,-155,-395
412,35840,,12081,"Manatee County, FL",County or equivalent,399710,401443,412703,1733,11260,816,3419,1271,5267,-455,-1848,14,208,2224,13060,2238,13268,-50,-160
412,35840,,12115,"Sarasota County, FL",County or equivalent,434006,435664,447057,1658,11393,647,2725,1820,7520,-1173,-4795,19,297,2917,16126,2936,16423,-105,-235
412,39460,,,"Punta Gorda, FL",Metropolitan Statistical Area,186847,187960,194843,1113,6883,259,1002,831,3500,-572,-2498,6,120,1728,9406,1734,9526,-49,-145
412,39460,,12015,"Charlotte County, FL",County or equivalent,186847,187960,194843,1113,6883,259,1002,831,3500,-572,-2498,6,120,1728,9406,1734,9526,-49,-145
416,,,,"Oklahoma City-Shawnee, OK",Combined Statistical Area,1498149,1501150,1514666,3001,13516,4403,17869,4014,15915,389,1954,39,512,2532,10953,2571,11465,41,97
416,36420,,,"Oklahoma City, OK",Metropolitan Statistical Area,1425695,1428709,1441647,3014,12938,4213,17025,3738,14913,475,2112,39,507,2459,10224,2498,10731,41,95
416,36420,,40017,"Canadian County, OK",County or equivalent,154405,155507,161737,1102,6230,421,1699,317,1421,104,278,0,31,988,6004,988,6035,10,-83
416,36420,,40027,"Cleveland County, OK",County or equivalent,295528,296019,297597,491,1578,675,2739,677,2661,-2,78,4,108,482,1336,486,1444,7,56
416,36420,,40051,"Grady County, OK",County or equivalent,54795,54805,55508,10,703,135,518,163,713,-28,-195,0,7,39,900,39,907,-1,-9
416,36420,,40081,"Lincoln County, OK",County or equivalent,33458,33469,33829,11,360,76,354,94,449,-18,-95,0,2,30,456,30,458,-1,-3
416,36420,,40083,"Logan County, OK",County or equivalent,49555,49726,50885,171,1159,128,479,117,467,11,12,0,13,160,1146,160,1159,0,-12
416,36420,,40087,"McClain County, OK",County or equivalent,41662,41887,43516,225,1629,97,427,97,435,0,-8,0,3,223,1659,223,1662,2,-25
416,36420,,40109,"Oklahoma County, OK",County or equivalent,796292,797296,798575,1004,1279,2681,10809,2273,8767,408,2042,35,343,537,-1277,572,-934,24,171
416,43060,,,"Shawnee, OK",Micropolitan Statistical Area,72454,72441,73019,-13,578,190,844,276,1002,-86,-158,0,5,73,729,73,734,0,2
416,43060,,40125,"Pottawatomie County, OK",County or equivalent,72454,72441,73019,-13,578,190,844,276,1002,-86,-158,0,5,73,729,73,734,0,2
420,,,,"Omaha-Council Bluffs-Fremont, NE-IA",Combined Statistical Area,1004771,1005595,1008740,824,3145,3219,12464,2345,9294,874,3170,16,511,-86,-658,-70,-147,20,122
420,23340,,,"Fremont, NE",Micropolitan Statistical Area,37167,37102,37103,-65,1,116,412,121,507,-5,-95,0,19,-59,73,-59,92,-1,4
420,23340,,31053,"Dodge County, NE",County or equivalent,37167,37102,37103,-65,1,116,412,121,507,-5,-95,0,19,-59,73,-59,92,-1,4
420,36540,,,"Omaha-Council Bluffs, NE-IA",Metropolitan Statistical Area,967604,968493,971637,889,3144,3103,12052,2224,8787,879,3265,16,492,-27,-731,-11,-239,21,118
420,36540,,19085,"Harrison County, IA",County or equivalent,14582,14546,14669,-36,123,46,161,62,234,-16,-73,0,0,-19,197,-19,197,-1,-1
420,36540,,19129,"Mills County, IA",County or equivalent,14484,14405,14465,-79,60,43,148,38,161,5,-13,0,3,-83,69,-83,72,-1,1
420,36540,,19155,"Pottawattamie County, IA",County or equivalent,93667,93560,93304,-107,-256,260,1028,321,1193,-61,-165,1,67,-45,-176,-44,-109,-2,18
420,36540,,31025,"Cass County, NE",County or equivalent,26598,26593,27017,-5,424,66,235,77,311,-11,-76,0,4,8,499,8,503,-2,-3
420,36540,,31055,"Douglas County, NE",County or equivalent,584526,585010,585008,484,-2,1905,7721,1265,4980,640,2741,14,403,-187,-3226,-173,-2823,17,80
420,36540,,31153,"Sarpy County, NE",County or equivalent,190604,191114,193418,510,2304,660,2310,325,1426,335,884,1,14,163,1381,164,1395,11,25
420,36540,,31155,"Saunders County, NE",County or equivalent,22278,22361,22787,83,426,78,237,79,260,-1,-23,0,0,85,454,85,454,-1,-5
420,36540,,31177,"Washington County, NE",County or equivalent,20865,20904,20969,39,65,45,212,57,222,-12,-10,0,1,51,71,51,72,0,3
422,,,,"Orlando-Lakeland-Deltona, FL",Combined Statistical Area,4222422,4233999,4291852,11577,57853,10163,42361,11442,45597,-1279,-3236,682,6830,12273,55136,12955,61966,-99,-877
422,19660,,,"Deltona-Daytona Beach-Ormond Beach, FL",Metropolitan Statistical Area,668921,670869,685344,1948,14475,1343,5446,2645,10147,-1302,-4701,14,328,3305,19086,3319,19414,-69,-238
422,19660,,12035,"Flagler County, FL",County or equivalent,115378,115968,120932,590,4964,175,796,459,1624,-284,-828,-2,59,894,5822,892,5881,-18,-89
422,19660,,12127,"Volusia County, FL",County or equivalent,553543,554901,564412,1358,9511,1168,4650,2186,8523,-1018,-3873,16,269,2411,13264,2427,13533,-51,-149
422,29460,,,"Lakeland-Winter Haven, FL",Metropolitan Statistical Area,725046,729233,753520,4187,24287,1878,8086,2291,8962,-413,-876,69,578,4543,24939,4612,25517,-12,-354
422,29460,,12105,"Polk County, FL",County or equivalent,725046,729233,753520,4187,24287,1878,8086,2291,8962,-413,-876,69,578,4543,24939,4612,25517,-12,-354
422,36740,,,"Orlando-Kissimmee-Sanford, FL",Metropolitan Statistical Area,2673376,2677687,2691925,4311,14238,6759,28048,5793,23571,966,4477,601,5920,2701,4019,3302,9939,43,-178
422,36740,,12069,"Lake County, FL",County or equivalent,383956,385875,395804,1919,9929,785,3370,1338,5542,-553,-2172,6,238,2505,12034,2511,12272,-39,-171
422,36740,,12095,"Orange County, FL",County or equivalent,1429908,1429899,1422746,-9,-7153,3819,15764,2610,10606,1209,5158,427,3856,-1707,-16184,-1280,-12328,62,17
422,36740,,12097,"Osceola County, FL",County or equivalent,388656,390855,403282,2199,12427,1102,4423,805,3056,297,1367,139,1251,1739,9914,1878,11165,24,-105
422,36740,,12117,"Seminole County, FL",County or equivalent,470856,471058,470093,202,-965,1053,4491,1040,4367,13,124,29,575,164,-1745,193,-1170,-4,81
422,45540,,,"The Villages, FL",Metropolitan Statistical Area,129752,130897,135638,1145,4741,115,434,651,2687,-536,-2253,-3,-8,1744,7113,1741,7105,-60,-111
422,45540,,12119,"Sumter County, FL",County or equivalent,129752,130897,135638,1145,4741,115,434,651,2687,-536,-2253,-3,-8,1744,7113,1741,7105,-60,-111
422,48100,,,"Wauchula, FL",Micropolitan Statistical Area,25327,25313,25425,-14,112,68,347,62,230,6,117,1,12,-20,-21,-19,-9,-1,4
422,48100,,12049,"Hardee County, FL",County or equivalent,25327,25313,25425,-14,112,68,347,62,230,6,117,1,12,-20,-21,-19,-9,-1,4
424,,,,"Paducah-Mayfield, KY-IL",Combined Statistical Area,135309,135042,134683,-267,-359,341,1389,504,2019,-163,-630,1,1,-97,256,-96,257,-8,14
424,32460,,,"Mayfield, KY",Micropolitan Statistical Area,36649,36512,36615,-137,103,104,410,147,531,-43,-121,1,3,-94,218,-93,221,-1,3
424,32460,,21083,"Graves County, KY",County or equivalent,36649,36512,36615,-137,103,104,410,147,531,-43,-121,1,3,-94,218,-93,221,-1,3
424,37140,,,"Paducah, KY-IL",Micropolitan Statistical Area,98660,98530,98068,-130,-462,237,979,357,1488,-120,-509,0,-2,-3,38,-3,36,-7,11
424,37140,,17127,"Massac County, IL",County or equivalent,14169,14125,13960,-44,-165,23,150,42,228,-19,-78,0,0,-24,-87,-24,-87,-1,0
424,37140,,21007,"Ballard County, KY",County or equivalent,7728,7724,7695,-4,-29,17,70,17,115,0,-45,0,0,-3,14,-3,14,-1,2
424,37140,,21139,"Livingston County, KY",County or equivalent,8888,8845,8959,-43,114,19,80,47,165,-28,-85,0,0,-14,202,-14,202,-1,-3
424,37140,,21145,"McCracken County, KY",County or equivalent,67875,67836,67454,-39,-382,178,679,251,980,-73,-301,0,-2,38,-91,38,-93,-4,12
425,,,,"Parkersburg-Marietta-Vienna, WV-OH",Combined Statistical Area,149261,148792,148110,-469,-682,347,1438,607,2173,-260,-735,-1,19,-198,9,-199,28,-10,25
425,31930,,,"Marietta, OH",Micropolitan Statistical Area,59771,59613,59423,-158,-190,140,571,225,844,-85,-273,-1,11,-68,63,-69,74,-4,9
425,31930,,39167,"Washington County, OH",County or equivalent,59771,59613,59423,-158,-190,140,571,225,844,-85,-273,-1,11,-68,63,-69,74,-4,9
425,37620,,,"Parkersburg-Vienna, WV",Metropolitan Statistical Area,89490,89179,88687,-311,-492,207,867,382,1329,-175,-462,0,8,-130,-54,-130,-46,-6,16
425,37620,,54105,"Wirt County, WV",County or equivalent,5194,5183,5063,-11,-120,15,62,9,70,6,-8,0,0,-16,-111,-16,-111,-1,-1
425,37620,,54107,"Wood County, WV",County or equivalent,84296,83996,83624,-300,-372,192,805,373,1259,-181,-454,0,8,-114,57,-114,65,-5,17
426,,,,"Pensacola-Ferry Pass, FL-AL",Combined Statistical Area,546662,548222,553087,1560,4865,1478,5974,1719,6847,-241,-873,18,94,1780,5647,1798,5741,3,-3
426,12120,,,"Atmore, AL",Micropolitan Statistical Area,36757,36665,36699,-92,34,98,429,132,564,-34,-135,0,0,-56,164,-56,164,-2,5
426,12120,,01053,"Escambia County, AL",County or equivalent,36757,36665,36699,-92,34,98,429,132,564,-34,-135,0,0,-56,164,-56,164,-2,5
426,37860,,,"Pensacola-Ferry Pass-Brent, FL",Metropolitan Statistical Area,509905,511557,516388,1652,4831,1380,5545,1587,6283,-207,-738,18,94,1836,5483,1854,5577,5,-8
426,37860,,12033,"Escambia County, FL",County or equivalent,321905,322424,322390,519,-34,915,3668,1108,4260,-193,-592,10,118,701,391,711,509,1,49
426,37860,,12113,"Santa Rosa County, FL",County or equivalent,188000,189133,193998,1133,4865,465,1877,479,2023,-14,-146,8,-24,1135,5092,1143,5068,4,-57
428,,,,"Philadelphia-Reading-Camden, PA-NJ-DE-MD",Combined Statistical Area,7379700,7376049,7366346,-3651,-9703,18834,76372,19732,81040,-898,-4668,364,4828,-2996,-10450,-2632,-5622,-121,587
428,12100,,,"Atlantic City-Hammonton, NJ",Metropolitan Statistical Area,274534,274191,274966,-343,775,648,2740,790,3193,-142,-453,1,179,-191,1005,-190,1184,-11,44
428,12100,,34001,"Atlantic County, NJ",County or equivalent,274534,274191,274966,-343,775,648,2740,790,3193,-142,-453,1,179,-191,1005,-190,1184,-11,44
428,20100,,,"Dover, DE",Metropolitan Statistical Area,181851,182256,184149,405,1893,446,2049,479,2119,-33,-70,5,95,436,1858,441,1953,-3,10
428,20100,,10001,"Kent County, DE",County or equivalent,181851,182256,184149,405,1893,446,2049,479,2119,-33,-70,5,95,436,1858,441,1953,-3,10
428,36140,,,"Ocean City, NJ",Metropolitan Statistical Area,95263,95077,95661,-186,584,196,749,327,1430,-131,-681,2,5,-42,1267,-40,1272,-15,-7
428,36140,,34009,"Cape May County, NJ",County or equivalent,95263,95077,95661,-186,584,196,749,327,1430,-131,-681,2,5,-42,1267,-40,1272,-15,-7
428,37980,,,"Philadelphia-Camden-Wilmington, PA-NJ-DE-MD",Metropolitan Statistical Area,6245051,6241983,6228601,-3068,-13382,15951,64631,16534,67816,-583,-3185,308,4140,-2708,-14763,-2400,-10623,-85,426
428,37980,15804,,"Camden, NJ",Metropolitan Division,1287639,1287673,1292517,34,4844,3118,12757,3241,13468,-123,-711,16,516,160,4867,176,5383,-19,172
428,37980,15804,34005,"Burlington County, NJ",County or equivalent,461860,461862,464269,2,2407,1052,4220,1116,4682,-64,-462,2,163,78,2666,80,2829,-14,40
428,37980,15804,34007,"Camden County, NJ",County or equivalent,523485,523204,523771,-281,567,1379,5760,1363,5579,16,181,16,306,-313,-36,-297,270,0,116
428,37980,15804,34015,"Gloucester County, NJ",County or equivalent,302294,302607,304477,313,1870,687,2777,762,3207,-75,-430,-2,47,395,2237,393,2284,-5,16
428,37980,33874,,"Montgomery County-Bucks County-Chester County, PA",Metropolitan Division,2037504,2037600,2045325,96,7725,4691,18669,5412,21872,-721,-3203,41,781,853,9925,894,10706,-77,222
428,37980,33874,42017,"Bucks County, PA",County or equivalent,646538,646008,646098,-530,90,1349,5357,1911,7370,-562,-2013,-5,160,73,1861,68,2021,-36,82
428,37980,33874,42029,"Chester County, PA",County or equivalent,534413,534645,538649,232,4004,1296,5139,1182,5020,114,119,13,210,115,3634,128,3844,-10,41
428,37980,33874,42091,"Montgomery County, PA",County or equivalent,856553,856947,860578,394,3631,2046,8173,2319,9482,-273,-1309,33,411,665,4430,698,4841,-31,99
428,37980,37964,,"Philadelphia, PA",Metropolitan Division,2180627,2177393,2150100,-3234,-27293,6304,25519,5954,24408,350,1111,222,2402,-3827,-30686,-3605,-28284,21,-120
428,37980,37964,42045,"Delaware County, PA",County or equivalent,576830,576388,573849,-442,-2539,1508,6056,1692,6639,-184,-583,19,403,-270,-2460,-251,-2057,-7,101
428,37980,37964,42101,"Philadelphia County, PA",County or equivalent,1603797,1601005,1576251,-2792,-24754,4796,19463,4262,17769,534,1694,203,1999,-3557,-28226,-3354,-26227,28,-221
428,37980,48864,,"Wilmington, DE-MD-NJ",Metropolitan Division,739281,739317,740659,36,1342,1838,7686,1927,8068,-89,-382,29,441,106,1131,135,1572,-10,152
428,37980,48864,10003,"New Castle County, DE",County or equivalent,570719,570718,571708,-1,990,1419,5904,1405,5936,14,-32,27,426,-37,466,-10,892,-5,130
428,37980,48864,24015,"Cecil County, MD",County or equivalent,103725,103740,103905,15,165,263,1137,314,1255,-51,-118,2,2,65,263,67,265,-1,18
428,37980,48864,34033,"Salem County, NJ",County or equivalent,64837,64859,65046,22,187,156,645,208,877,-52,-232,0,13,78,402,78,415,-4,4
428,39740,,,"Reading, PA",Metropolitan Statistical Area,428849,428694,429342,-155,648,1135,4484,1188,4792,-53,-308,39,389,-130,487,-91,876,-11,80
428,39740,,42011,"Berks County, PA",County or equivalent,428849,428694,429342,-155,648,1135,4484,1188,4792,-53,-308,39,389,-130,487,-91,876,-11,80
428,47220,,,"Vineland-Bridgeton, NJ",Metropolitan Statistical Area,154152,153848,153627,-304,-221,458,1719,414,1690,44,29,9,20,-361,-304,-352,-284,4,34
428,47220,,34011,"Cumberland County, NJ",County or equivalent,154152,153848,153627,-304,-221,458,1719,414,1690,44,29,9,20,-361,-304,-352,-284,4,34
429,,,,"Phoenix-Mesa, AZ",Combined Statistical Area,4899104,4921231,4999734,22127,78503,12703,54263,11257,46625,1446,7638,25,3252,20515,67638,20540,70890,141,-25
429,37740,,,"Payson, AZ",Micropolitan Statistical Area,53272,53306,53589,34,283,111,465,239,969,-128,-504,-1,5,171,788,170,793,-8,-6
429,37740,,04007,"Gila County, AZ",County or equivalent,53272,53306,53589,34,283,111,465,239,969,-128,-504,-1,5,171,788,170,793,-8,-6
429,38060,,,"Phoenix-Mesa-Chandler, AZ",Metropolitan Statistical Area,4845832,4867925,4946145,22093,78220,12592,53798,11018,45656,1574,8142,26,3247,20344,66850,20370,70097,149,-19
429,38060,,04013,"Maricopa County, AZ",County or equivalent,4420568,4438342,4496588,17774,58246,11549,49202,9912,41160,1637,8042,1,3059,15988,46866,15989,49925,148,279
429,38060,,04021,"Pinal County, AZ",County or equivalent,425264,429583,449557,4319,19974,1043,4596,1106,4496,-63,100,25,188,4356,19984,4381,20172,1,-298
430,,,,"Pittsburgh-New Castle-Weirton, PA-OH-WV",Combined Statistical Area,2657149,2652869,2637506,-4280,-15363,6303,24414,9353,36949,-3050,-12535,54,900,-1100,-3984,-1046,-3084,-184,256
430,26860,,,"Indiana, PA",Micropolitan Statistical Area,83246,83116,82886,-130,-230,196,748,264,1078,-68,-330,0,17,-57,67,-57,84,-5,16
430,26860,,42063,"Indiana County, PA",County or equivalent,83246,83116,82886,-130,-230,196,748,264,1078,-68,-330,0,17,-57,67,-57,84,-5,16
430,35260,,,"New Castle, PA",Micropolitan Statistical Area,86070,85865,85497,-205,-368,193,773,360,1284,-167,-511,0,5,-29,124,-29,129,-9,14
430,35260,,42073,"Lawrence County, PA",County or equivalent,86070,85865,85497,-205,-368,193,773,360,1284,-167,-511,0,5,-29,124,-29,129,-9,14
430,38300,,,"Pittsburgh, PA",Metropolitan Statistical Area,2370930,2367293,2353538,-3637,-13755,5614,21866,8200,32704,-2586,-10838,54,865,-945,-3993,-891,-3128,-160,211
430,38300,,42003,"Allegheny County, PA",County or equivalent,1250578,1248717,1238090,-1861,-10627,3123,12280,3972,16142,-849,-3862,47,762,-994,-7635,-947,-6873,-65,108
430,38300,,42005,"Armstrong County, PA",County or equivalent,65558,65445,65093,-113,-352,180,580,248,1028,-68,-448,0,0,-39,88,-39,88,-6,8
430,38300,,42007,"Beaver County, PA",County or equivalent,168215,167732,166624,-483,-1108,367,1473,650,2490,-283,-1017,1,13,-187,-130,-186,-117,-14,26
430,38300,,42019,"Butler County, PA",County or equivalent,193763,193851,194273,88,422,413,1582,605,2490,-192,-908,5,41,285,1271,290,1312,-10,18
430,38300,,42051,"Fayette County, PA",County or equivalent,128804,128393,126931,-411,-1462,332,1138,567,2127,-235,-989,1,17,-167,-504,-166,-487,-10,14
430,38300,,42125,"Washington County, PA",County or equivalent,209349,209157,209470,-192,313,468,1980,789,3058,-321,-1078,0,23,145,1357,145,1380,-16,11
430,38300,,42129,"Westmoreland County, PA",County or equivalent,354663,353998,353057,-665,-941,731,2833,1369,5369,-638,-2536,0,9,12,1560,12,1569,-39,26
430,48260,,,"Weirton-Steubenville, WV-OH",Metropolitan Statistical Area,116903,116595,115585,-308,-1010,300,1027,529,1883,-229,-856,0,13,-69,-182,-69,-169,-10,15
430,48260,,39081,"Jefferson County, OH",County or equivalent,65249,65107,64789,-142,-318,173,633,279,1031,-106,-398,0,6,-31,63,-31,69,-5,11
430,48260,,54009,"Brooke County, WV",County or equivalent,22559,22469,22140,-90,-329,50,159,111,373,-61,-214,0,6,-27,-122,-27,-116,-2,1
430,48260,,54029,"Hancock County, WV",County or equivalent,29095,29019,28656,-76,-363,77,235,139,479,-62,-244,0,1,-11,-123,-11,-122,-3,3
438,,,,"Portland-Lewiston-South Portland, ME",Combined Statistical Area,662879,663128,667927,249,4799,1483,5801,1978,7733,-495,-1932,31,645,744,6061,775,6706,-31,25
438,30340,,,"Lewiston-Auburn, ME",Metropolitan Statistical Area,111139,111039,111034,-100,-5,270,1094,365,1384,-95,-290,1,87,-3,183,-2,270,-3,15
438,30340,,23001,"Androscoggin County, ME",County or equivalent,111139,111039,111034,-100,-5,270,1094,365,1384,-95,-290,1,87,-3,183,-2,270,-3,15
438,38860,,,"Portland-South Portland, ME",Metropolitan Statistical Area,551740,552089,556893,349,4804,1213,4707,1613,6349,-400,-1642,30,558,747,5878,777,6436,-28,10
438,38860,,23005,"Cumberland County, ME",County or equivalent,303069,303312,305231,243,1919,697,2704,854,3324,-157,-620,27,455,384,2052,411,2507,-11,32
438,38860,,23023,"Sagadahoc County, ME",County or equivalent,36699,36688,37071,-11,383,77,296,114,470,-37,-174,0,7,31,552,31,559,-5,-2
438,38860,,23031,"York County, ME",County or equivalent,211972,212089,214591,117,2502,439,1707,645,2555,-206,-848,3,96,332,3274,335,3370,-12,-20
440,,,,"Portland-Vancouver-Salem, OR-WA",Combined Statistical Area,3280736,3285322,3285275,4586,-47,8457,32138,7711,30676,746,1462,81,1284,3746,-3013,3827,-1729,13,220
440,10540,,,"Albany-Lebanon, OR",Metropolitan Statistical Area,128610,128936,129839,326,903,380,1430,401,1640,-21,-210,-1,7,352,1099,351,1106,-4,7
440,10540,,41043,"Linn County, OR",County or equivalent,128610,128936,129839,326,903,380,1430,401,1640,-21,-210,-1,7,352,1099,351,1106,-4,7
440,18700,,,"Corvallis, OR",Metropolitan Statistical Area,95184,95167,96017,-17,850,180,634,172,707,8,-73,5,118,-29,798,-24,916,-1,7
440,18700,,41003,"Benton County, OR",County or equivalent,95184,95167,96017,-17,850,180,634,172,707,8,-73,5,118,-29,798,-24,916,-1,7
440,31020,,,"Longview, WA",Metropolitan Statistical Area,110730,110924,111524,194,600,332,1186,380,1388,-48,-202,2,22,244,770,246,792,-4,10
440,31020,,53015,"Cowlitz County, WA",County or equivalent,110730,110924,111524,194,600,332,1186,380,1388,-48,-202,2,22,244,770,246,792,-4,10
440,38900,,,"Portland-Vancouver-Hillsboro, OR-WA",Metropolitan Statistical Area,2512859,2516230,2511612,3371,-4618,6345,24116,5633,22556,712,1560,71,1127,2567,-7441,2638,-6314,21,136
440,38900,,41005,"Clackamas County, OR",County or equivalent,421401,422160,422537,759,377,988,3695,1045,4367,-57,-672,-5,69,839,911,834,980,-18,69
440,38900,,41009,"Columbia County, OR",County or equivalent,52589,52631,53074,42,443,124,482,163,597,-39,-115,0,-6,85,566,85,560,-4,-2
440,38900,,41051,"Multnomah County, OR",County or equivalent,815428,815871,803377,443,-12494,2033,7481,1810,7284,223,197,33,366,163,-12983,196,-12617,24,-74
440,38900,,41067,"Washington County, OR",County or equivalent,600372,600689,600811,317,122,1533,6035,1079,4377,454,1658,32,474,-183,-2111,-151,-1637,14,101
440,38900,,41071,"Yamhill County, OR",County or equivalent,107722,107832,108239,110,407,274,1011,328,1097,-54,-86,2,-5,165,482,167,477,-3,16
440,38900,,53011,"Clark County, WA",County or equivalent,503311,505013,511404,1702,6391,1374,5332,1184,4708,190,624,9,223,1494,5515,1503,5738,9,29
440,38900,,53059,"Skamania County, WA",County or equivalent,12036,12034,12170,-2,136,19,80,24,126,-5,-46,0,6,4,179,4,185,-1,-3
440,41420,,,"Salem, OR",Metropolitan Statistical Area,433353,434065,436283,712,2218,1220,4772,1125,4385,95,387,4,10,612,1761,616,1771,1,60
440,41420,,41047,"Marion County, OR",County or equivalent,345920,346202,347119,282,917,1009,3916,883,3522,126,394,1,-2,153,460,154,458,2,65
440,41420,,41053,"Polk County, OR",County or equivalent,87433,87863,89164,430,1301,211,856,242,863,-31,-7,3,12,459,1301,462,1313,-1,-5
444,,,,"Pueblo-Cañon City, CO",Combined Statistical Area,217101,217448,219283,347,1835,506,2109,742,2911,-236,-802,-1,16,594,2628,593,2644,-10,-7
444,15860,,,"Cañon City, CO",Micropolitan Statistical Area,48939,48981,49661,42,680,75,386,152,628,-77,-242,-1,3,124,929,123,932,-4,-10
444,15860,,08043,"Fremont County, CO",County or equivalent,48939,48981,49661,42,680,75,386,152,628,-77,-242,-1,3,124,929,123,932,-4,-10
444,39380,,,"Pueblo, CO",Metropolitan Statistical Area,168162,168467,169622,305,1155,431,1723,590,2283,-159,-560,0,13,470,1699,470,1712,-6,3
444,39380,,08101,"Pueblo County, CO",County or equivalent,168162,168467,169622,305,1155,431,1723,590,2283,-159,-560,0,13,470,1699,470,1712,-6,3
446,,,,"Pullman-Moscow, WA-ID",Combined Statistical Area,87490,87397,88186,-93,789,234,736,158,589,76,147,6,186,-181,450,-175,636,6,6
446,34140,,,"Moscow, ID",Micropolitan Statistical Area,39517,39611,40313,94,702,119,407,80,272,39,135,2,43,52,525,54,568,1,-1
446,34140,,16057,"Latah County, ID",County or equivalent,39517,39611,40313,94,702,119,407,80,272,39,135,2,43,52,525,54,568,1,-1
446,39420,,,"Pullman, WA",Micropolitan Statistical Area,47973,47786,47873,-187,87,115,329,78,317,37,12,4,143,-233,-75,-229,68,5,7
446,39420,,53075,"Whitman County, WA",County or equivalent,47973,47786,47873,-187,87,115,329,78,317,37,12,4,143,-233,-75,-229,68,5,7
448,,,,"Quincy-Hannibal, IL-MO",Combined Statistical Area,114649,114382,113833,-267,-549,279,1261,384,1574,-105,-313,0,10,-154,-260,-154,-250,-8,14
448,25300,,,"Hannibal, MO",Micropolitan Statistical Area,38880,38821,38879,-59,58,106,410,128,501,-22,-91,0,7,-35,135,-35,142,-2,7
448,25300,,29127,"Marion County, MO",County or equivalent,28525,28470,28518,-55,48,77,325,93,362,-16,-37,0,7,-38,72,-38,79,-1,6
448,25300,,29173,"Ralls County, MO",County or equivalent,10355,10351,10361,-4,10,29,85,35,139,-6,-54,0,0,3,63,3,63,-1,1
448,39500,,,"Quincy, IL-MO",Micropolitan Statistical Area,75769,75561,74954,-208,-607,173,851,256,1073,-83,-222,0,3,-119,-395,-119,-392,-6,7
448,39500,,17001,"Adams County, IL",County or equivalent,65737,65530,64954,-207,-576,152,750,232,942,-80,-192,0,3,-122,-392,-122,-389,-5,5
448,39500,,29111,"Lewis County, MO",County or equivalent,10032,10031,10000,-1,-31,21,101,24,131,-3,-30,0,0,3,-3,3,-3,-1,2
450,,,,"Raleigh-Durham-Cary, NC",Combined Statistical Area,2106463,2113946,2144608,7483,30662,5571,22692,4163,17126,1408,5566,159,2461,5824,22636,5983,25097,92,-1
450,20500,,,"Durham-Chapel Hill, NC",Metropolitan Statistical Area,649903,651192,654012,1289,2820,1644,6661,1435,5968,209,693,49,881,1029,1214,1078,2095,2,32
450,20500,,37037,"Chatham County, NC",County or equivalent,76285,76611,77889,326,1278,167,597,232,949,-65,-352,0,15,398,1628,398,1643,-7,-13
450,20500,,37063,"Durham County, NC",County or equivalent,324833,325602,326126,769,524,964,4002,649,2739,315,1263,50,651,391,-1405,441,-754,13,15
450,20500,,37077,"Granville County, NC",County or equivalent,60992,61041,61986,49,945,140,563,167,687,-27,-124,0,10,78,1065,78,1075,-2,-6
450,20500,,37135,"Orange County, NC",County or equivalent,148696,148792,148884,96,92,276,1089,250,1064,26,25,-1,200,70,-162,69,38,1,29
450,20500,,37145,"Person County, NC",County or equivalent,39097,39146,39127,49,-19,97,410,137,529,-40,-119,0,5,92,88,92,93,-3,7
450,25780,,,"Henderson, NC",Micropolitan Statistical Area,42578,42529,42185,-49,-344,106,553,153,623,-47,-70,2,44,-2,-321,0,-277,-2,3
450,25780,,37181,"Vance County, NC",County or equivalent,42578,42529,42185,-49,-344,106,553,153,623,-47,-70,2,44,-2,-321,0,-277,-2,3
450,39580,,,"Raleigh-Cary, NC",Metropolitan Statistical Area,1413982,1420225,1448411,6243,28186,3821,15478,2575,10535,1246,4943,108,1536,4797,21743,4905,23279,92,-36
450,39580,,37069,"Franklin County, NC",County or equivalent,68573,69060,71703,487,2643,187,740,200,800,-13,-60,2,33,495,2707,497,2740,3,-37
450,39580,,37101,"Johnston County, NC",County or equivalent,215999,217612,226504,1613,8892,560,2481,502,2103,58,378,2,113,1539,8518,1541,8631,14,-117
450,39580,,37183,"Wake County, NC",County or equivalent,1129410,1133553,1150204,4143,16651,3074,12257,1873,7632,1201,4625,104,1390,2763,10518,2867,11908,75,118
452,,,,"Rapid City-Spearfish, SD",Combined Statistical Area,164842,165140,168144,298,3004,472,1873,465,1736,7,137,1,126,293,2758,294,2884,-3,-17
452,39660,,,"Rapid City, SD",Metropolitan Statistical Area,139074,139328,141979,254,2651,414,1665,389,1469,25,196,2,90,229,2379,231,2469,-2,-14
452,39660,,46093,"Meade County, SD",County or equivalent,29852,29853,30173,1,320,64,242,80,266,-16,-24,0,11,17,332,17,343,0,1
452,39660,,46103,"Pennington County, SD",County or equivalent,109222,109475,111806,253,2331,350,1423,309,1203,41,220,2,79,212,2047,214,2126,-2,-15
452,43940,,,"Spearfish, SD",Micropolitan Statistical Area,25768,25812,26165,44,353,58,208,76,267,-18,-59,-1,36,64,379,63,415,-1,-3
452,43940,,46081,"Lawrence County, SD",County or equivalent,25768,25812,26165,44,353,58,208,76,267,-18,-59,-1,36,64,379,63,415,-1,-3
454,,,,"Redding-Red Bluff, CA",Combined Statistical Area,247984,247508,247637,-476,129,625,2577,840,3248,-215,-671,1,40,-246,734,-245,774,-16,26
454,39780,,,"Red Bluff, CA",Micropolitan Statistical Area,65829,65615,65498,-214,-117,160,751,207,768,-47,-17,0,-13,-164,-100,-164,-113,-3,13
454,39780,,06103,"Tehama County, CA",County or equivalent,65829,65615,65498,-214,-117,160,751,207,768,-47,-17,0,-13,-164,-100,-164,-113,-3,13
454,39820,,,"Redding, CA",Metropolitan Statistical Area,182155,181893,182139,-262,246,465,1826,633,2480,-168,-654,1,53,-82,834,-81,887,-13,13
454,39820,,06089,"Shasta County, CA",County or equivalent,182155,181893,182139,-262,246,465,1826,633,2480,-168,-654,1,53,-82,834,-81,887,-13,13
456,,,,"Reno-Carson City-Fernley, NV",Combined Statistical Area,657958,659070,667301,1112,8231,1626,6467,1845,7314,-219,-847,2,157,1341,8942,1343,9099,-12,-21
456,16180,,,"Carson City, NV",Metropolitan Statistical Area,58639,58677,58993,38,316,168,515,244,853,-76,-338,0,14,117,640,117,654,-3,0
456,16180,,32510,"Carson City, NV",County or equivalent,58639,58677,58993,38,316,168,515,244,853,-76,-338,0,14,117,640,117,654,-3,0
456,22280,,,"Fernley, NV",Micropolitan Statistical Area,59235,59431,60903,196,1472,153,578,190,794,-37,-216,-1,-6,236,1717,235,1711,-2,-23
456,22280,,32019,"Lyon County, NV",County or equivalent,59235,59431,60903,196,1472,153,578,190,794,-37,-216,-1,-6,236,1717,235,1711,-2,-23
456,23820,,,"Gardnerville Ranchos, NV",Micropolitan Statistical Area,49488,49468,49870,-20,402,75,327,174,665,-99,-338,0,2,87,744,87,746,-8,-6
456,23820,,32005,"Douglas County, NV",County or equivalent,49488,49468,49870,-20,402,75,327,174,665,-99,-338,0,2,87,744,87,746,-8,-6
456,39900,,,"Reno, NV",Metropolitan Statistical Area,490596,491494,497535,898,6041,1230,5047,1237,5002,-7,45,3,147,901,5841,904,5988,1,8
456,39900,,32029,"Storey County, NV",County or equivalent,4104,4106,4143,2,37,5,23,10,43,-5,-20,0,0,8,59,8,59,-1,-2
456,39900,,32031,"Washoe County, NV",County or equivalent,486492,487388,493392,896,6004,1225,5024,1227,4959,-2,65,3,147,893,5782,896,5929,2,10
458,,,,"Richmond-Connersville, IN",Combined Statistical Area,89951,89788,89816,-163,28,238,987,354,1354,-116,-367,2,39,-46,347,-44,386,-3,9
458,18220,,,"Connersville, IN",Micropolitan Statistical Area,23398,23333,23360,-65,27,58,225,93,357,-35,-132,0,3,-29,155,-29,158,-1,1
458,18220,,18041,"Fayette County, IN",County or equivalent,23398,23333,23360,-65,27,58,225,93,357,-35,-132,0,3,-29,155,-29,158,-1,1
458,39980,,,"Richmond, IN",Micropolitan Statistical Area,66553,66455,66456,-98,1,180,762,261,997,-81,-235,2,36,-17,192,-15,228,-2,8
458,39980,,18177,"Wayne County, IN",County or equivalent,66553,66455,66456,-98,1,180,762,261,997,-81,-235,2,36,-17,192,-15,228,-2,8
462,,,,"Rochester-Austin, MN",Combined Statistical Area,266358,266564,267309,206,745,817,3118,552,2425,265,693,3,303,-60,-293,-57,10,-2,42
462,12380,,,"Austin, MN",Micropolitan Statistical Area,40029,40049,40158,20,109,143,474,96,412,47,62,1,74,-27,-33,-26,41,-1,6
462,12380,,27099,"Mower County, MN",County or equivalent,40029,40049,40158,20,109,143,474,96,412,47,62,1,74,-27,-33,-26,41,-1,6
462,40340,,,"Rochester, MN",Metropolitan Statistical Area,226329,226515,227151,186,636,674,2644,456,2013,218,631,2,229,-33,-260,-31,-31,-1,36
462,40340,,27039,"Dodge County, MN",County or equivalent,20867,20861,20935,-6,74,63,236,49,137,14,99,0,2,-22,-30,-22,-28,2,3
462,40340,,27045,"Fillmore County, MN",County or equivalent,21228,21246,21271,18,25,67,218,57,276,10,-58,0,3,9,77,9,80,-1,3
462,40340,,27109,"Olmsted County, MN",County or equivalent,162847,162991,163436,144,445,483,1976,301,1383,182,593,1,221,-38,-399,-37,-178,-1,30
462,40340,,27157,"Wabasha County, MN",County or equivalent,21387,21417,21509,30,92,61,214,49,217,12,-3,1,3,18,92,19,95,-1,0
464,,,,"Rochester-Batavia-Seneca Falls, NY",Combined Statistical Area,1182337,1180749,1176514,-1588,-4235,3006,11401,3345,13292,-339,-1891,37,595,-1246,-3113,-1209,-2518,-40,174
464,12860,,,"Batavia, NY",Micropolitan Statistical Area,58388,58258,57853,-130,-405,147,524,191,783,-44,-259,0,3,-85,-158,-85,-155,-1,9
464,12860,,36037,"Genesee County, NY",County or equivalent,58388,58258,57853,-130,-405,147,524,191,783,-44,-259,0,3,-85,-158,-85,-155,-1,9
464,40380,,,"Rochester, NY",Metropolitan Statistical Area,1090135,1088776,1084973,-1359,-3803,2793,10515,3054,12121,-261,-1606,37,583,-1098,-2938,-1061,-2355,-37,158
464,40380,,36051,"Livingston County, NY",County or equivalent,61834,61699,61578,-135,-121,142,509,166,727,-24,-218,1,20,-110,69,-109,89,-2,8
464,40380,,36055,"Monroe County, NY",County or equivalent,759443,758554,755160,-889,-3394,1993,7530,2088,8172,-95,-642,36,519,-811,-3381,-775,-2862,-19,110
464,40380,,36069,"Ontario County, NY",County or equivalent,112458,112475,112508,17,33,266,909,307,1315,-41,-406,0,29,67,394,67,423,-9,16
464,40380,,36073,"Orleans County, NY",County or equivalent,40343,40236,40191,-107,-45,92,404,126,505,-34,-101,0,6,-72,44,-72,50,-1,6
464,40380,,36117,"Wayne County, NY",County or equivalent,91283,91103,90923,-180,-180,222,883,268,1062,-46,-179,0,2,-130,-18,-130,-16,-4,15
464,40380,,36123,"Yates County, NY",County or equivalent,24774,24709,24613,-65,-96,78,280,99,340,-21,-60,0,7,-42,-46,-42,-39,-2,3
464,42900,,,"Seneca Falls, NY",Micropolitan Statistical Area,33814,33715,33688,-99,-27,66,362,100,388,-34,-26,0,9,-63,-17,-63,-8,-2,7
464,42900,,36099,"Seneca County, NY",County or equivalent,33814,33715,33688,-99,-27,66,362,100,388,-34,-26,0,9,-63,-17,-63,-8,-2,7
466,,,,"Rockford-Freeport-Rochelle, IL",Combined Statistical Area,435216,434319,431748,-897,-2571,1262,4748,1328,5152,-66,-404,-1,112,-821,-2333,-822,-2221,-9,54
466,23300,,,"Freeport, IL",Micropolitan Statistical Area,44630,44457,44021,-173,-436,111,449,170,651,-59,-202,0,3,-109,-240,-109,-237,-5,3
466,23300,,17177,"Stephenson County, IL",County or equivalent,44630,44457,44021,-173,-436,111,449,170,651,-59,-202,0,3,-109,-240,-109,-237,-5,3
466,40300,,,"Rochelle, IL",Micropolitan Statistical Area,51788,51678,51449,-110,-229,142,513,154,594,-12,-81,0,4,-96,-160,-96,-156,-2,8
466,40300,,17141,"Ogle County, IL",County or equivalent,51788,51678,51449,-110,-229,142,513,154,594,-12,-81,0,4,-96,-160,-96,-156,-2,8
466,40420,,,"Rockford, IL",Metropolitan Statistical Area,338798,338184,336278,-614,-1906,1009,3786,1004,3907,5,-121,-1,105,-616,-1933,-617,-1828,-2,43
466,40420,,17007,"Boone County, IL",County or equivalent,53448,53326,53159,-122,-167,133,529,109,481,24,48,0,-3,-148,-217,-148,-220,2,5
466,40420,,17201,"Winnebago County, IL",County or equivalent,285350,284858,283119,-492,-1739,876,3257,895,3426,-19,-169,-1,108,-468,-1716,-469,-1608,-4,38
468,,,,"Rocky Mount-Wilson-Roanoke Rapids, NC",Combined Statistical Area,288747,288468,287305,-279,-1163,766,3173,1093,4260,-327,-1087,0,61,63,-175,63,-114,-15,38
468,40260,,,"Roanoke Rapids, NC",Micropolitan Statistical Area,66093,65933,65401,-160,-532,162,676,273,1134,-111,-458,0,14,-43,-94,-43,-80,-6,6
468,40260,,37083,"Halifax County, NC",County or equivalent,48622,48495,48272,-127,-223,129,508,206,816,-77,-308,0,9,-47,68,-47,77,-3,8
468,40260,,37131,"Northampton County, NC",County or equivalent,17471,17438,17129,-33,-309,33,168,67,318,-34,-150,0,5,4,-162,4,-157,-3,-2
468,40580,,,"Rocky Mount, NC",Metropolitan Statistical Area,143870,143724,143535,-146,-189,367,1591,567,2003,-200,-412,-1,22,60,180,59,202,-5,21
468,40580,,37065,"Edgecombe County, NC",County or equivalent,48900,48697,48359,-203,-338,130,555,221,758,-91,-203,0,4,-110,-146,-110,-142,-2,7
468,40580,,37127,"Nash County, NC",County or equivalent,94970,95027,95176,57,149,237,1036,346,1245,-109,-209,-1,18,170,326,169,344,-3,14
468,48980,,,"Wilson, NC",Micropolitan Statistical Area,78784,78811,78369,27,-442,237,906,253,1123,-16,-217,1,25,46,-261,47,-236,-4,11
468,48980,,37195,"Wilson County, NC",County or equivalent,78784,78811,78369,27,-442,237,906,253,1123,-16,-217,1,25,46,-261,47,-236,-4,11
472,,,,"Sacramento-Roseville, CA",Combined Statistical Area,2680831,2682962,2697399,2131,14437,7073,28400,5882,24595,1191,3805,121,1368,833,8953,954,10321,-14,311
472,40900,,,"Sacramento-Roseville-Folsom, CA",Metropolitan Statistical Area,2397382,2399351,2411428,1969,12077,6294,25248,5189,21822,1105,3426,122,1362,748,6963,870,8325,-6,326
472,40900,,06017,"El Dorado County, CA",County or equivalent,191185,191114,193221,-71,2107,374,1471,456,2051,-82,-580,-1,52,30,2664,29,2716,-18,-29
472,40900,,06061,"Placer County, CA",County or equivalent,404739,405741,412300,1002,6559,913,3510,914,3915,-1,-405,1,43,1027,6984,1028,7027,-25,-63
472,40900,,06067,"Sacramento County, CA",County or equivalent,1585055,1586241,1588921,1186,2680,4548,18263,3453,14293,1095,3970,113,989,-50,-2639,63,-1650,28,360
472,40900,,06113,"Yolo County, CA",County or equivalent,216403,216255,216986,-148,731,459,2004,366,1563,93,441,9,278,-259,-46,-250,232,9,58
472,46020,,,"Truckee-Grass Valley, CA",Micropolitan Statistical Area,102241,102199,103487,-42,1288,203,783,297,1135,-94,-352,0,-4,67,1670,67,1666,-15,-26
472,46020,,06057,"Nevada County, CA",County or equivalent,102241,102199,103487,-42,1288,203,783,297,1135,-94,-352,0,-4,67,1670,67,1666,-15,-26
472,49700,,,"Yuba City, CA",Metropolitan Statistical Area,181208,181412,182484,204,1072,576,2369,396,1638,180,731,-1,10,18,320,17,330,7,11
472,49700,,06101,"Sutter County, CA",County or equivalent,99633,99480,99063,-153,-417,308,1218,223,964,85,254,-2,14,-237,-697,-239,-683,1,12
472,49700,,06115,"Yuba County, CA",County or equivalent,81575,81932,83421,357,1489,268,1151,173,674,95,477,1,-4,255,1017,256,1013,6,-1
474,,,,"Saginaw-Midland-Bay City, MI",Combined Statistical Area,377474,376901,376033,-573,-868,938,3751,1275,4966,-337,-1215,-1,60,-214,230,-215,290,-21,57
474,13020,,,"Bay City, MI",Metropolitan Statistical Area,103856,103594,102985,-262,-609,230,875,418,1521,-188,-646,0,-1,-66,20,-66,19,-8,18
474,13020,,26017,"Bay County, MI",County or equivalent,103856,103594,102985,-262,-609,230,875,418,1521,-188,-646,0,-1,-66,20,-66,19,-8,18
474,33220,,,"Midland, MI",Metropolitan Statistical Area,83494,83476,83457,-18,-19,206,855,207,900,-1,-45,0,30,-13,-17,-13,13,-4,13
474,33220,,26111,"Midland County, MI",County or equivalent,83494,83476,83457,-18,-19,206,855,207,900,-1,-45,0,30,-13,-17,-13,13,-4,13
474,40980,,,"Saginaw, MI",Metropolitan Statistical Area,190124,189831,189591,-293,-240,502,2021,650,2545,-148,-524,-1,31,-135,227,-136,258,-9,26
474,40980,,26145,"Saginaw County, MI",County or equivalent,190124,189831,189591,-293,-240,502,2021,650,2545,-148,-524,-1,31,-135,227,-136,258,-9,26
476,,,,"St. Louis-St. Charles-Farmington, MO-IL",Combined Statistical Area,2924904,2922780,2914230,-2124,-8550,7918,31178,8770,34902,-852,-3724,67,1446,-1296,-6484,-1229,-5038,-43,212
476,16460,,,"Centralia, IL",Micropolitan Statistical Area,37729,37613,37390,-116,-223,118,422,153,527,-35,-105,0,3,-79,-128,-79,-125,-2,7
476,16460,,17121,"Marion County, IL",County or equivalent,37729,37613,37390,-116,-223,118,422,153,527,-35,-105,0,3,-79,-128,-79,-125,-2,7
476,22100,,,"Farmington, MO",Micropolitan Statistical Area,66922,66900,67541,-22,641,166,676,235,961,-69,-285,-1,6,49,921,48,927,-1,-1
476,22100,,29187,"St. Francois County, MO",County or equivalent,66922,66900,67541,-22,641,166,676,235,961,-69,-285,-1,6,49,921,48,927,-1,-1
476,41180,,,"St. Louis, MO-IL",Metropolitan Statistical Area,2820253,2818267,2809299,-1986,-8968,7634,30080,8382,33414,-748,-3334,68,1437,-1266,-7277,-1198,-5840,-40,206
476,41180,,17005,"Bond County, IL",County or equivalent,16725,16663,16596,-62,-67,36,145,54,209,-18,-64,1,2,-44,-9,-43,-7,-1,4
476,41180,,17013,"Calhoun County, IL",County or equivalent,4437,4411,4369,-26,-42,10,37,13,81,-3,-44,0,0,-21,1,-21,1,-2,1
476,41180,,17027,"Clinton County, IL",County or equivalent,36899,36896,36793,-3,-103,99,367,96,426,3,-59,0,4,-5,-57,-5,-53,-1,9
476,41180,,17083,"Jersey County, IL",County or equivalent,21512,21444,21333,-68,-111,40,192,96,286,-56,-94,0,2,-11,-21,-11,-19,-1,2
476,41180,,17117,"Macoupin County, IL",County or equivalent,44967,44810,44406,-157,-404,94,385,156,674,-62,-289,0,1,-93,-122,-93,-121,-2,6
476,41180,,17119,"Madison County, IL",County or equivalent,265859,265498,264490,-361,-1008,685,2598,847,3461,-162,-863,0,23,-194,-220,-194,-197,-5,52
476,41180,,17133,"Monroe County, IL",County or equivalent,34962,34898,34932,-64,34,60,325,113,393,-53,-68,0,4,-10,93,-10,97,-1,5
476,41180,,17163,"St. Clair County, IL",County or equivalent,257400,256789,254796,-611,-1993,713,2864,815,3146,-102,-282,-7,46,-503,-1787,-510,-1741,1,30
476,41180,,29071,"Franklin County, MO",County or equivalent,104682,104769,105231,87,462,279,1139,331,1322,-52,-183,-1,8,143,626,142,634,-3,11
476,41180,,29099,"Jefferson County, MO",County or equivalent,226739,226929,227771,190,842,610,2377,656,2615,-46,-238,1,29,235,1016,236,1045,0,35
476,41180,,29113,"Lincoln County, MO",County or equivalent,59574,59829,61586,255,1757,195,752,137,592,58,160,0,0,194,1614,194,1614,3,-17
476,41180,,29183,"St. Charles County, MO",County or equivalent,405262,406258,409981,996,3723,1112,4068,938,3836,174,232,3,192,819,3263,822,3455,0,36
476,41180,,29189,"St. Louis County, MO",County or equivalent,1004125,1002838,997187,-1287,-5651,2669,10641,3135,12243,-466,-1602,58,723,-848,-4915,-790,-4192,-31,143
476,41180,,29219,"Warren County, MO",County or equivalent,35532,35707,36518,175,811,76,407,89,412,-13,-5,1,6,187,818,188,824,0,-8
476,41180,,29510,"St. Louis city, MO",County or equivalent,301578,300528,293310,-1050,-7218,956,3783,906,3718,50,65,12,397,-1115,-7577,-1103,-7180,3,-103
480,,,,"Salisbury-Cambridge, MD-DE",Combined Statistical Area,450577,451905,461712,1328,9807,1034,4502,1463,6466,-429,-1964,2,253,1793,11634,1795,11887,-38,-116
480,15700,,,"Cambridge, MD",Micropolitan Statistical Area,32531,32508,32489,-23,-19,73,327,99,488,-26,-161,0,5,6,134,6,139,-3,3
480,15700,,24019,"Dorchester County, MD",County or equivalent,32531,32508,32489,-23,-19,73,327,99,488,-26,-161,0,5,6,134,6,139,-3,3
480,41540,,,"Salisbury, MD-DE",Metropolitan Statistical Area,418046,419397,429223,1351,9826,961,4175,1364,5978,-403,-1803,2,248,1787,11500,1789,11748,-35,-119
480,41540,,10005,"Sussex County, DE",County or equivalent,237378,238912,247527,1534,8615,543,2358,765,3600,-222,-1242,1,98,1781,9883,1782,9981,-26,-124
480,41540,,24039,"Somerset County, MD",County or equivalent,24620,24567,24584,-53,17,51,216,77,332,-26,-116,0,12,-27,119,-27,131,0,2
480,41540,,24045,"Wicomico County, MD",County or equivalent,103588,103473,103980,-115,507,283,1327,317,1290,-34,37,2,123,-83,329,-81,452,0,18
480,41540,,24047,"Worcester County, MD",County or equivalent,52460,52445,53132,-15,687,84,274,205,756,-121,-482,-1,15,116,1169,115,1184,-9,-15
482,,,,"Salt Lake City-Provo-Orem, UT",Combined Statistical Area,2701129,2708588,2746164,7459,37576,9743,37695,4452,17339,5291,20356,38,1082,1913,16034,1951,17116,217,104
482,25720,,,"Heber, UT",Micropolitan Statistical Area,77145,77484,79266,339,1782,182,785,88,437,94,348,-3,38,243,1408,240,1446,5,-12
482,25720,,49043,"Summit County, UT",County or equivalent,42357,42452,43093,95,641,91,396,38,218,53,178,-2,24,42,441,40,465,2,-2
482,25720,,49051,"Wasatch County, UT",County or equivalent,34788,35032,36173,244,1141,91,389,50,219,41,170,-1,14,201,967,200,981,3,-10
482,36260,,,"Ogden-Clearfield, UT",Metropolitan Statistical Area,694863,696620,706696,1757,10076,2391,9207,1287,4895,1104,4312,-5,54,608,5627,603,5681,50,83
482,36260,,49003,"Box Elder County, UT",County or equivalent,57666,57908,59688,242,1780,211,788,130,481,81,307,-1,9,159,1481,158,1490,3,-17
482,36260,,49011,"Davis County, UT",County or equivalent,362679,363492,367285,813,3793,1259,4781,614,2218,645,2563,-2,41,140,1105,138,1146,30,84
482,36260,,49029,"Morgan County, UT",County or equivalent,12295,12392,12657,97,265,45,124,17,70,28,54,0,1,69,213,69,214,0,-3
482,36260,,49057,"Weber County, UT",County or equivalent,262223,262828,267066,605,4238,876,3514,526,2126,350,1388,-2,3,240,2828,238,2831,17,19
482,39340,,,"Provo-Orem, UT",Metropolitan Statistical Area,671185,674967,697141,3782,22174,3073,11558,886,3226,2187,8332,-8,284,1516,13628,1508,13912,87,-70
482,39340,,49023,"Juab County, UT",County or equivalent,11786,11824,12155,38,331,54,174,21,98,33,76,0,1,5,256,5,257,0,-2
482,39340,,49049,"Utah County, UT",County or equivalent,659399,663143,684986,3744,21843,3019,11384,865,3128,2154,8256,-8,283,1511,13372,1503,13655,87,-68
482,41620,,,"Salt Lake City, UT",Metropolitan Statistical Area,1257936,1259517,1263061,1581,3544,4097,16145,2191,8781,1906,7364,54,706,-454,-4629,-400,-3923,75,103
482,41620,,49035,"Salt Lake County, UT",County or equivalent,1185238,1186236,1186421,998,185,3851,15156,2075,8357,1776,6799,54,688,-899,-7447,-845,-6759,67,145
482,41620,,49045,"Tooele County, UT",County or equivalent,72698,73281,76640,583,3359,246,989,116,424,130,565,0,18,445,2818,445,2836,8,-42
484,,,,"San Antonio-New Braunfels-Pearsall, TX",Combined Statistical Area,2576528,2585049,2620224,8521,35175,7549,31077,5633,22731,1916,8346,75,1086,6401,25554,6476,26640,129,189
484,37770,,,"Pearsall, TX",Micropolitan Statistical Area,18385,18366,18436,-19,70,51,220,50,172,1,48,1,124,-21,-106,-20,18,0,4
484,37770,,48163,"Frio County, TX",County or equivalent,18385,18366,18436,-19,70,51,220,50,172,1,48,1,124,-21,-106,-20,18,0,4
484,41700,,,"San Antonio-New Braunfels, TX",Metropolitan Statistical Area,2558143,2566683,2601788,8540,35105,7498,30857,5583,22559,1915,8298,74,962,6422,25660,6496,26622,129,185
484,41700,,48013,"Atascosa County, TX",County or equivalent,48981,49089,49939,108,850,153,639,128,534,25,105,0,0,81,748,81,748,2,-3
484,41700,,48019,"Bandera County, TX",County or equivalent,20851,20987,21565,136,578,46,174,78,321,-32,-147,0,4,170,732,170,736,-2,-11
484,41700,,48029,"Bexar County, TX",County or equivalent,2009324,2014052,2028236,4728,14184,6137,25078,4255,16973,1882,8105,73,911,2657,4687,2730,5598,116,481
484,41700,,48091,"Comal County, TX",County or equivalent,161501,163573,174986,2072,11413,398,1668,401,1617,-3,51,2,27,2066,11530,2068,11557,7,-195
484,41700,,48187,"Guadalupe County, TX",County or equivalent,172706,173541,177036,835,3495,414,1799,354,1474,60,325,-1,-3,769,3195,768,3192,7,-22
484,41700,,48259,"Kendall County, TX",County or equivalent,44279,44527,46788,248,2261,95,394,120,509,-25,-115,0,11,274,2405,274,2416,-1,-40
484,41700,,48325,"Medina County, TX",County or equivalent,50748,50920,51981,172,1061,143,553,133,586,10,-33,0,2,163,1102,163,1104,-1,-10
484,41700,,48493,"Wilson County, TX",County or equivalent,49753,49994,51257,241,1263,112,552,114,545,-2,7,0,10,242,1261,242,1271,1,-15
488,,,,"San Jose-San Francisco-Oakland, CA",Combined Statistical Area,9714023,9699287,9545921,-14736,-153366,25652,100682,18234,78200,7418,22482,297,8567,-22612,-182491,-22315,-173924,161,-1924
488,32900,,,"Merced, CA",Metropolitan Statistical Area,281202,281726,286461,524,4735,976,3737,588,2224,388,1513,0,-85,119,3305,119,3220,17,2
488,32900,,06047,"Merced County, CA",County or equivalent,281202,281726,286461,524,4735,976,3737,588,2224,388,1513,0,-85,119,3305,119,3220,17,2
488,33700,,,"Modesto, CA",Metropolitan Statistical Area,552878,552710,552999,-168,289,1755,7180,1346,5094,409,2086,-12,-50,-592,-1870,-604,-1920,27,123
488,33700,,06099,"Stanislaus County, CA",County or equivalent,552878,552710,552999,-168,289,1755,7180,1346,5094,409,2086,-12,-50,-592,-1870,-604,-1920,27,123
488,34900,,,"Napa, CA",Metropolitan Statistical Area,138019,137608,136207,-411,-1401,289,1214,307,1399,-18,-185,-2,-26,-386,-1196,-388,-1222,-5,6
488,34900,,06055,"Napa County, CA",County or equivalent,138019,137608,136207,-411,-1401,289,1214,307,1399,-18,-185,-2,-26,-386,-1196,-388,-1222,-5,6
488,41860,,,"San Francisco-Oakland-Berkeley, CA",Metropolitan Statistical Area,4749008,4739649,4623264,-9359,-116385,11879,46755,8558,37703,3321,9052,278,4985,-12995,-128870,-12717,-123885,37,-1552
488,41860,36084,,"Oakland-Berkeley-Livermore, CA",Metropolitan Division,2848280,2845406,2809969,-2874,-35437,7360,28949,5069,22509,2291,6440,144,3068,-5353,-44721,-5209,-41653,44,-224
488,41860,36084,06001,"Alameda County, CA",County or equivalent,1682353,1679844,1648556,-2509,-31288,4449,17349,2827,12705,1622,4644,37,2262,-4211,-37804,-4174,-35542,43,-390
488,41860,36084,06013,"Contra Costa County, CA",County or equivalent,1165927,1165562,1161413,-365,-4149,2911,11600,2242,9804,669,1796,107,806,-1142,-6917,-1035,-6111,1,166
488,41860,41884,,"San Francisco-San Mateo-Redwood City, CA",Metropolitan Division,1638407,1632467,1553089,-5940,-79378,3987,15772,2940,12889,1047,2883,131,1753,-7135,-82659,-7004,-80906,17,-1355
488,41860,41884,06075,"San Francisco County, CA",County or equivalent,873965,870014,815201,-3951,-54813,2032,7944,1648,7135,384,809,49,957,-4400,-55631,-4351,-54674,16,-948
488,41860,41884,06081,"San Mateo County, CA",County or equivalent,764442,762453,737888,-1989,-24565,1955,7828,1292,5754,663,2074,82,796,-2735,-27028,-2653,-26232,1,-407
488,41860,42034,,"San Rafael, CA",Metropolitan Division,262321,261776,260206,-545,-1570,532,2034,549,2305,-17,-271,3,164,-507,-1490,-504,-1326,-24,27
488,41860,42034,06041,"Marin County, CA",County or equivalent,262321,261776,260206,-545,-1570,532,2034,549,2305,-17,-271,3,164,-507,-1490,-504,-1326,-24,27
488,41940,,,"San Jose-Sunnyvale-Santa Clara, CA",Metropolitan Statistical Area,2000468,1995105,1952185,-5363,-42920,5227,20609,2970,13405,2257,7204,47,3520,-7763,-52932,-7716,-49412,96,-712
488,41940,,06069,"San Benito County, CA",County or equivalent,64209,64507,66677,298,2170,195,766,124,397,71,369,0,-43,224,1869,224,1826,3,-25
488,41940,,06085,"Santa Clara County, CA",County or equivalent,1936259,1930598,1885508,-5661,-45090,5032,19843,2846,13008,2186,6835,47,3563,-7987,-54801,-7940,-51238,93,-687
488,42100,,,"Santa Cruz-Watsonville, CA",Metropolitan Statistical Area,270861,270353,267792,-508,-2561,590,2258,465,2226,125,32,-5,-6,-623,-2596,-628,-2602,-5,9
488,42100,,06087,"Santa Cruz County, CA",County or equivalent,270861,270353,267792,-508,-2561,590,2258,465,2226,125,32,-5,-6,-623,-2596,-628,-2602,-5,9
488,42220,,,"Santa Rosa-Petaluma, CA",Metropolitan Statistical Area,488863,488345,485887,-518,-2458,1140,4290,1144,4933,-4,-643,-13,8,-468,-1888,-481,-1880,-33,65
488,42220,,06097,"Sonoma County, CA",County or equivalent,488863,488345,485887,-518,-2458,1140,4290,1144,4933,-4,-643,-13,8,-468,-1888,-481,-1880,-33,65
488,44700,,,"Stockton, CA",Metropolitan Statistical Area,779233,780517,789410,1284,8893,2536,9682,1880,7059,656,2623,-2,148,601,6051,599,6199,29,71
488,44700,,06077,"San Joaquin County, CA",County or equivalent,779233,780517,789410,1284,8893,2536,9682,1880,7059,656,2623,-2,148,601,6051,599,6199,29,71
488,46700,,,"Vallejo, CA",Metropolitan Statistical Area,453491,453274,451716,-217,-1558,1260,4957,976,4157,284,800,6,73,-505,-2495,-499,-2422,-2,64
488,46700,,06095,"Solano County, CA",County or equivalent,453491,453274,451716,-217,-1558,1260,4957,976,4157,284,800,6,73,-505,-2495,-499,-2422,-2,64
496,,,,"Savannah-Hinesville-Statesboro, GA",Combined Statistical Area,597465,598093,605693,628,7600,1868,7644,1340,5632,528,2012,11,261,75,5344,86,5605,14,-17
496,25980,,,"Hinesville, GA",Metropolitan Statistical Area,81424,81507,82863,83,1356,394,1690,167,564,227,1126,5,-25,-154,262,-149,237,5,-7
496,25980,,13179,"Liberty County, GA",County or equivalent,65256,65220,65711,-36,491,325,1445,136,424,189,1021,3,-19,-232,-516,-229,-535,4,5
496,25980,,13183,"Long County, GA",County or equivalent,16168,16287,17152,119,865,69,245,31,140,38,105,2,-6,78,778,80,772,1,-12
496,27700,,,"Jesup, GA",Micropolitan Statistical Area,30144,30155,30380,11,225,104,319,96,389,8,-70,0,3,3,292,3,295,0,0
496,27700,,13305,"Wayne County, GA",County or equivalent,30144,30155,30380,11,225,104,319,96,389,8,-70,0,3,3,292,3,295,0,0
496,42340,,,"Savannah, GA",Metropolitan Statistical Area,404798,405053,410008,255,4955,1157,4800,941,3955,216,845,5,241,31,3885,36,4126,3,-16
496,42340,,13029,"Bryan County, GA",County or equivalent,44738,44999,46938,261,1939,131,580,93,327,38,253,1,-1,220,1709,221,1708,2,-22
496,42340,,13051,"Chatham County, GA",County or equivalent,295291,294904,296329,-387,1425,815,3447,733,3039,82,408,4,229,-469,768,-465,997,-4,20
496,42340,,13103,"Effingham County, GA",County or equivalent,64769,65150,66741,381,1591,211,773,115,589,96,184,0,13,280,1408,280,1421,5,-14
496,44340,,,"Statesboro, GA",Micropolitan Statistical Area,81099,81378,82442,279,1064,213,835,136,724,77,111,1,42,195,905,196,947,6,6
496,44340,,13031,"Bulloch County, GA",County or equivalent,81099,81378,82442,279,1064,213,835,136,724,77,111,1,42,195,905,196,947,6,6
497,,,,"Scottsboro-Fort Payne, AL",Combined Statistical Area,124187,124149,124586,-38,437,348,1264,445,1844,-97,-580,-4,32,69,977,65,1009,-6,8
497,22840,,,"Fort Payne, AL",Micropolitan Statistical Area,71608,71630,71813,22,183,206,752,224,1021,-18,-269,-3,34,46,409,43,443,-3,9
497,22840,,01049,"DeKalb County, AL",County or equivalent,71608,71630,71813,22,183,206,752,224,1021,-18,-269,-3,34,46,409,43,443,-3,9
497,42460,,,"Scottsboro, AL",Micropolitan Statistical Area,52579,52519,52773,-60,254,142,512,221,823,-79,-311,-1,-2,23,568,22,566,-3,-1
497,42460,,01071,"Jackson County, AL",County or equivalent,52579,52519,52773,-60,254,142,512,221,823,-79,-311,-1,-2,23,568,22,566,-3,-1
500,,,,"Seattle-Tacoma, WA",Combined Statistical Area,4953421,4961421,4953985,8000,-7436,13521,52258,10398,42238,3123,10020,439,7670,4327,-25388,4766,-17718,111,262
500,14740,,,"Bremerton-Silverdale-Port Orchard, WA",Metropolitan Statistical Area,275611,275660,274314,49,-1346,723,2755,662,2832,61,-77,-4,42,3,-1331,-1,-1289,-11,20
500,14740,,53035,"Kitsap County, WA",County or equivalent,275611,275660,274314,49,-1346,723,2755,662,2832,61,-77,-4,42,3,-1331,-1,-1289,-11,20
500,16500,,,"Centralia, WA",Micropolitan Statistical Area,82149,82474,84398,325,1924,221,900,277,1107,-56,-207,0,37,385,2122,385,2159,-4,-28
500,16500,,53041,"Lewis County, WA",County or equivalent,82149,82474,84398,325,1924,221,900,277,1107,-56,-207,0,37,385,2122,385,2159,-4,-28
500,34580,,,"Mount Vernon-Anacortes, WA",Metropolitan Statistical Area,129523,129852,130696,329,844,341,1340,339,1555,2,-215,17,131,318,921,335,1052,-8,7
500,34580,,53057,"Skagit County, WA",County or equivalent,129523,129852,130696,329,844,341,1340,339,1555,2,-215,17,131,318,921,335,1052,-8,7
500,36020,,,"Oak Harbor, WA",Micropolitan Statistical Area,86857,86948,87432,91,484,202,791,237,905,-35,-114,1,16,137,588,138,604,-12,-6
500,36020,,53029,"Island County, WA",County or equivalent,86857,86948,87432,91,484,202,791,237,905,-35,-114,1,16,137,588,138,604,-12,-6
500,36500,,,"Olympia-Lacey-Tumwater, WA",Metropolitan Statistical Area,294793,295729,297977,936,2248,758,2904,729,2818,29,86,0,65,912,2064,912,2129,-5,33
500,36500,,53067,"Thurston County, WA",County or equivalent,294793,295729,297977,936,2248,758,2904,729,2818,29,86,0,65,912,2064,912,2129,-5,33
500,42660,,,"Seattle-Tacoma-Bellevue, WA",Metropolitan Statistical Area,4018762,4024730,4011553,5968,-13177,11097,42924,7955,32189,3142,10735,423,7320,2248,-31489,2671,-24169,155,257
500,42660,42644,,"Seattle-Bellevue-Kent, WA",Metropolitan Division,3097632,3101902,3085845,4270,-16057,8313,32234,5830,23607,2483,8627,383,6870,1279,-31627,1662,-24757,125,73
500,42660,42644,53033,"King County, WA",County or equivalent,2269675,2272571,2252305,2896,-20266,5932,23082,4062,16444,1870,6638,296,5984,632,-32802,928,-26818,98,-86
500,42660,42644,53061,"Snohomish County, WA",County or equivalent,827957,829331,833540,1374,4209,2381,9152,1768,7163,613,1989,87,886,647,1175,734,2061,27,159
500,42660,45104,,"Tacoma-Lakewood, WA",Metropolitan Division,921130,922828,925708,1698,2880,2784,10690,2125,8582,659,2108,40,450,969,138,1009,588,30,184
500,42660,45104,53053,"Pierce County, WA",County or equivalent,921130,922828,925708,1698,2880,2784,10690,2125,8582,659,2108,40,450,969,138,1009,588,30,184
500,43220,,,"Shelton, WA",Micropolitan Statistical Area,65726,66028,67615,302,1587,179,644,199,832,-20,-188,2,59,324,1737,326,1796,-4,-21
500,43220,,53045,"Mason County, WA",County or equivalent,65726,66028,67615,302,1587,179,644,199,832,-20,-188,2,59,324,1737,326,1796,-4,-21
508,,,,"Shreveport-Bossier City-Minden, LA",Combined Statistical Area,430373,429389,425339,-984,-4050,1281,5361,1325,5647,-44,-286,-3,123,-936,-3880,-939,-3757,-1,-7
508,33380,,,"Minden, LA",Micropolitan Statistical Area,36967,36864,36184,-103,-680,115,468,161,565,-46,-97,0,5,-56,-582,-56,-577,-1,-6
508,33380,,22119,"Webster Parish, LA",County or equivalent,36967,36864,36184,-103,-680,115,468,161,565,-46,-97,0,5,-56,-582,-56,-577,-1,-6
508,43340,,,"Shreveport-Bossier City, LA",Metropolitan Statistical Area,393406,392525,389155,-881,-3370,1166,4893,1164,5082,2,-189,-3,118,-880,-3298,-883,-3180,0,-1
508,43340,,22015,"Bossier Parish, LA",County or equivalent,128746,128615,129144,-131,529,372,1581,340,1400,32,181,-1,76,-165,245,-166,321,3,27
508,43340,,22017,"Caddo Parish, LA",County or equivalent,237848,237056,233092,-792,-3964,720,2991,740,3302,-20,-311,-2,42,-766,-3664,-768,-3622,-4,-31
508,43340,,22031,"De Soto Parish, LA",County or equivalent,26812,26854,26919,42,65,74,321,84,380,-10,-59,0,0,51,121,51,121,1,3
515,,,,"South Bend-Elkhart-Mishawaka, IN-MI",Combined Statistical Area,812199,811117,809944,-1082,-1173,2440,9631,2417,9302,23,329,11,460,-1107,-2082,-1096,-1622,-9,120
515,21140,,,"Elkhart-Goshen, IN",Metropolitan Statistical Area,207047,206842,206921,-205,79,730,2927,552,1999,178,928,4,90,-393,-970,-389,-880,6,31
515,21140,,18039,"Elkhart County, IN",County or equivalent,207047,206842,206921,-205,79,730,2927,552,1999,178,928,4,90,-393,-970,-389,-880,6,31
515,35660,,,"Niles, MI",Metropolitan Statistical Area,154316,154095,153101,-221,-994,377,1564,509,2027,-132,-463,0,64,-80,-610,-80,-546,-9,15
515,35660,,26021,"Berrien County, MI",County or equivalent,154316,154095,153101,-221,-994,377,1564,509,2027,-132,-463,0,64,-80,-610,-80,-546,-9,15
515,38500,,,"Plymouth, IN",Micropolitan Statistical Area,46095,46018,46121,-77,103,108,499,153,528,-45,-29,3,6,-34,123,-31,129,-1,3
515,38500,,18099,"Marshall County, IN",County or equivalent,46095,46018,46121,-77,103,108,499,153,528,-45,-29,3,6,-34,123,-31,129,-1,3
515,43780,,,"South Bend-Mishawaka, IN-MI",Metropolitan Statistical Area,324501,324112,323695,-389,-417,976,3740,956,3850,20,-110,4,242,-409,-605,-405,-363,-4,56
515,43780,,18141,"St. Joseph County, IN",County or equivalent,272912,272549,272212,-363,-337,840,3291,818,3170,22,121,4,238,-390,-748,-386,-510,1,52
515,43780,,26027,"Cass County, MI",County or equivalent,51589,51563,51483,-26,-80,136,449,138,680,-2,-231,0,4,-19,143,-19,147,-5,4
515,47700,,,"Warsaw, IN",Micropolitan Statistical Area,80240,80050,80106,-190,56,249,901,247,898,2,3,0,58,-191,-20,-191,38,-1,15
515,47700,,18085,"Kosciusko County, IN",County or equivalent,80240,80050,80106,-190,56,249,901,247,898,2,3,0,58,-191,-20,-191,38,-1,15
517,,,,"Spencer-Spirit Lake, IA",Combined Statistical Area,34087,34080,34291,-7,211,73,332,117,409,-44,-77,0,14,40,276,40,290,-3,-2
517,43980,,,"Spencer, IA",Micropolitan Statistical Area,16384,16333,16440,-51,107,36,169,54,197,-18,-28,0,6,-32,129,-32,135,-1,0
517,43980,,19041,"Clay County, IA",County or equivalent,16384,16333,16440,-51,107,36,169,54,197,-18,-28,0,6,-32,129,-32,135,-1,0
517,44020,,,"Spirit Lake, IA",Micropolitan Statistical Area,17703,17747,17851,44,104,37,163,63,212,-26,-49,0,8,72,147,72,155,-2,-2
517,44020,,19059,"Dickinson County, IA",County or equivalent,17703,17747,17851,44,104,37,163,63,212,-26,-49,0,8,72,147,72,155,-2,-2
518,,,,"Spokane-Spokane Valley-Coeur d'Alene, WA-ID",Combined Statistical Area,757146,759912,773255,2766,13343,2124,7663,2074,8223,50,-560,-2,89,2722,13908,2720,13997,-4,-94
518,17660,,,"Coeur d'Alene, ID",Metropolitan Statistical Area,171362,172646,179789,1284,7143,487,1782,463,1815,24,-33,-1,-27,1261,7310,1260,7283,0,-107
518,17660,,16055,"Kootenai County, ID",County or equivalent,171362,172646,179789,1284,7143,487,1782,463,1815,24,-33,-1,-27,1261,7310,1260,7283,0,-107
518,44060,,,"Spokane-Spokane Valley, WA",Metropolitan Statistical Area,585784,587266,593466,1482,6200,1637,5881,1611,6408,26,-527,-1,116,1461,6598,1460,6714,-4,13
518,44060,,53063,"Spokane County, WA",County or equivalent,539339,540700,546040,1361,5340,1517,5509,1452,5802,65,-293,-1,113,1295,5491,1294,5604,2,29
518,44060,,53065,"Stevens County, WA",County or equivalent,46445,46566,47426,121,860,120,372,159,606,-39,-234,0,3,166,1107,166,1110,-6,-16
522,,,,"Springfield-Jacksonville-Lincoln, IL",Combined Statistical Area,308523,307781,305994,-742,-1787,774,3086,1026,4003,-252,-917,-2,105,-478,-1018,-480,-913,-10,43
522,27300,,,"Jacksonville, IL",Micropolitan Statistical Area,37864,37725,37442,-139,-283,93,377,166,525,-73,-148,0,12,-64,-152,-64,-140,-2,5
522,27300,,17137,"Morgan County, IL",County or equivalent,32915,32798,32606,-117,-192,84,338,139,461,-55,-123,0,10,-61,-84,-61,-74,-1,5
522,27300,,17171,"Scott County, IL",County or equivalent,4949,4927,4836,-22,-91,9,39,27,64,-18,-25,0,2,-3,-68,-3,-66,-1,0
522,30660,,,"Lincoln, IL",Micropolitan Statistical Area,27987,27879,27992,-108,113,68,263,116,366,-48,-103,0,4,-58,209,-58,213,-2,3
522,30660,,17107,"Logan County, IL",County or equivalent,27987,27879,27992,-108,113,68,263,116,366,-48,-103,0,4,-58,209,-58,213,-2,3
522,44100,,,"Springfield, IL",Metropolitan Statistical Area,208640,208277,206898,-363,-1379,537,2103,617,2607,-80,-504,-2,87,-276,-993,-278,-906,-5,31
522,44100,,17129,"Menard County, IL",County or equivalent,12297,12265,12164,-32,-101,24,123,33,145,-9,-22,0,1,-22,-82,-22,-81,-1,2
522,44100,,17167,"Sangamon County, IL",County or equivalent,196343,196012,194734,-331,-1278,513,1980,584,2462,-71,-482,-2,86,-254,-911,-256,-825,-4,29
522,45380,,,"Taylorville, IL",Micropolitan Statistical Area,34032,33900,33662,-132,-238,76,343,127,505,-51,-162,0,2,-80,-82,-80,-80,-1,4
522,45380,,17021,"Christian County, IL",County or equivalent,34032,33900,33662,-132,-238,76,343,127,505,-51,-162,0,2,-80,-82,-80,-80,-1,4
524,,,,"State College-DuBois, PA",Combined Statistical Area,238734,238323,237609,-411,-714,489,1685,579,2496,-90,-811,10,286,-329,-232,-319,54,-2,43
524,20180,,,"DuBois, PA",Micropolitan Statistical Area,80562,80394,80082,-168,-312,200,679,292,1168,-92,-489,0,14,-71,152,-71,166,-5,11
524,20180,,42033,"Clearfield County, PA",County or equivalent,80562,80394,80082,-168,-312,200,679,292,1168,-92,-489,0,14,-71,152,-71,166,-5,11
524,44300,,,"State College, PA",Metropolitan Statistical Area,158172,157929,157527,-243,-402,289,1006,287,1328,2,-322,10,272,-258,-384,-248,-112,3,32
524,44300,,42027,"Centre County, PA",County or equivalent,158172,157929,157527,-243,-402,289,1006,287,1328,2,-322,10,272,-258,-384,-248,-112,3,32
525,,,,"Steamboat Springs-Craig, CO",Combined Statistical Area,38121,38106,38276,-15,170,105,318,64,270,41,48,-2,18,-53,101,-55,119,-1,3
525,18780,,,"Craig, CO",Micropolitan Statistical Area,13292,13267,13185,-25,-82,48,135,40,131,8,4,-2,7,-30,-95,-32,-88,-1,2
525,18780,,08081,"Moffat County, CO",County or equivalent,13292,13267,13185,-25,-82,48,135,40,131,8,4,-2,7,-30,-95,-32,-88,-1,2
525,44460,,,"Steamboat Springs, CO",Micropolitan Statistical Area,24829,24839,25091,10,252,57,183,24,139,33,44,0,11,-23,196,-23,207,0,1
525,44460,,08107,"Routt County, CO",County or equivalent,24829,24839,25091,10,252,57,183,24,139,33,44,0,11,-23,196,-23,207,0,1
532,,,,"Syracuse-Auburn, NY",Combined Statistical Area,738305,736989,734161,-1316,-2828,1880,7271,2074,8121,-194,-850,13,464,-1120,-2549,-1107,-2085,-15,107
532,12180,,,"Auburn, NY",Micropolitan Statistical Area,76248,76095,75880,-153,-215,182,720,236,857,-54,-137,0,7,-95,-96,-95,-89,-4,11
532,12180,,36011,"Cayuga County, NY",County or equivalent,76248,76095,75880,-153,-215,182,720,236,857,-54,-137,0,7,-95,-96,-95,-89,-4,11
532,45060,,,"Syracuse, NY",Metropolitan Statistical Area,662057,660894,658281,-1163,-2613,1698,6551,1838,7264,-140,-713,13,457,-1025,-2453,-1012,-1996,-11,96
532,45060,,36053,"Madison County, NY",County or equivalent,68016,67890,67658,-126,-232,135,618,169,754,-34,-136,0,10,-89,-118,-89,-108,-3,12
532,45060,,36067,"Onondaga County, NY",County or equivalent,476516,475653,473236,-863,-2417,1239,4755,1332,5158,-93,-403,13,433,-776,-2509,-763,-2076,-7,62
532,45060,,36075,"Oswego County, NY",County or equivalent,117525,117351,117387,-174,36,324,1178,337,1352,-13,-174,0,14,-160,174,-160,188,-1,22
534,,,,"Toledo-Findlay-Tiffin, OH",Combined Statistical Area,835489,834471,832494,-1018,-1977,2256,9060,2638,10481,-382,-1421,8,387,-627,-1078,-619,-691,-17,135
534,22300,,,"Findlay, OH",Micropolitan Statistical Area,74920,74830,74656,-90,-174,198,832,218,884,-20,-52,2,46,-70,-181,-68,-135,-2,13
534,22300,,39063,"Hancock County, OH",County or equivalent,74920,74830,74656,-90,-174,198,832,218,884,-20,-52,2,46,-70,-181,-68,-135,-2,13
534,23380,,,"Fremont, OH",Micropolitan Statistical Area,58896,58832,58715,-64,-117,159,596,184,777,-25,-181,0,28,-37,27,-37,55,-2,9
534,23380,,39143,"Sandusky County, OH",County or equivalent,58896,58832,58715,-64,-117,159,596,184,777,-25,-181,0,28,-37,27,-37,55,-2,9
534,45660,,,"Tiffin, OH",Micropolitan Statistical Area,55069,54990,54906,-79,-84,143,570,197,683,-54,-113,-1,15,-22,5,-23,20,-2,9
534,45660,,39147,"Seneca County, OH",County or equivalent,55069,54990,54906,-79,-84,143,570,197,683,-54,-113,-1,15,-22,5,-23,20,-2,9
534,45780,,,"Toledo, OH",Metropolitan Statistical Area,646604,645819,644217,-785,-1602,1756,7062,2039,8137,-283,-1075,7,298,-498,-929,-491,-631,-11,104
534,45780,,39051,"Fulton County, OH",County or equivalent,42713,42619,42450,-94,-169,111,449,118,508,-7,-59,0,22,-86,-137,-86,-115,-1,5
534,45780,,39095,"Lucas County, OH",County or equivalent,431279,430728,429191,-551,-1537,1257,5112,1403,5613,-146,-501,5,190,-406,-1302,-401,-1112,-4,76
534,45780,,39123,"Ottawa County, OH",County or equivalent,40364,40260,40104,-104,-156,89,300,176,628,-87,-328,0,7,-12,166,-12,173,-5,-1
534,45780,,39173,"Wood County, OH",County or equivalent,132248,132212,132472,-36,260,299,1201,342,1388,-43,-187,2,79,6,344,8,423,-1,24
536,,,,"Tucson-Nogales, AZ",Combined Statistical Area,1091102,1093252,1099913,2150,6661,2548,10488,3064,12892,-516,-2404,85,820,2627,8139,2712,8959,-46,106
536,35700,,,"Nogales, AZ",Micropolitan Statistical Area,47669,47653,47883,-16,230,134,563,125,444,9,119,6,64,-29,38,-23,102,-2,9
536,35700,,04023,"Santa Cruz County, AZ",County or equivalent,47669,47653,47883,-16,230,134,563,125,444,9,119,6,64,-29,38,-23,102,-2,9
536,46060,,,"Tucson, AZ",Metropolitan Statistical Area,1043433,1045599,1052030,2166,6431,2414,9925,2939,12448,-525,-2523,79,756,2656,8101,2735,8857,-44,97
536,46060,,04019,"Pima County, AZ",County or equivalent,1043433,1045599,1052030,2166,6431,2414,9925,2939,12448,-525,-2523,79,756,2656,8101,2735,8857,-44,97
538,,,,"Tulsa-Muskogee-Bartlesville, OK",Combined Statistical Area,1134125,1135342,1142906,1217,7564,3326,13488,3294,13920,32,-432,12,488,1173,7379,1185,7867,0,129
538,12780,,,"Bartlesville, OK",Micropolitan Statistical Area,52455,52593,52772,138,179,157,555,169,775,-12,-220,0,25,152,372,152,397,-2,2
538,12780,,40147,"Washington County, OK",County or equivalent,52455,52593,52772,138,179,157,555,169,775,-12,-220,0,25,152,372,152,397,-2,2
538,34780,,,"Muskogee, OK",Micropolitan Statistical Area,66339,66160,66146,-179,-14,198,807,281,1095,-83,-288,-1,13,-95,250,-96,263,0,11
538,34780,,40101,"Muskogee County, OK",County or equivalent,66339,66160,66146,-179,-14,198,807,281,1095,-83,-288,-1,13,-95,250,-96,263,0,11
538,46140,,,"Tulsa, OK",Metropolitan Statistical Area,1015331,1016589,1023988,1258,7399,2971,12126,2844,12050,127,76,13,450,1116,6757,1129,7207,2,116
538,46140,,40037,"Creek County, OK",County or equivalent,71754,71776,72029,22,253,200,818,253,1133,-53,-315,-1,7,78,556,77,563,-2,5
538,46140,,40111,"Okmulgee County, OK",County or equivalent,36706,36679,36843,-27,164,115,444,135,645,-20,-201,0,1,-7,363,-7,364,0,1
538,46140,,40113,"Osage County, OK",County or equivalent,45818,45741,45772,-77,31,107,381,147,631,-40,-250,0,1,-33,277,-33,278,-4,3
538,46140,,40117,"Pawnee County, OK",County or equivalent,15553,15544,15741,-9,197,46,171,57,248,-11,-77,0,1,3,276,3,277,-1,-3
538,46140,,40131,"Rogers County, OK",County or equivalent,95240,95315,96695,75,1380,225,947,250,1107,-25,-160,3,8,100,1542,103,1550,-3,-10
538,46140,,40143,"Tulsa County, OK",County or equivalent,669279,670157,672858,878,2701,2038,8539,1816,7380,222,1159,10,418,634,965,644,1383,12,159
538,46140,,40145,"Wagoner County, OK",County or equivalent,80981,81377,84050,396,2673,240,826,186,906,54,-80,1,14,341,2778,342,2792,0,-39
539,,,,"Tupelo-Corinth, MS",Combined Statistical Area,198138,197873,197511,-265,-362,541,2350,725,2722,-184,-372,1,57,-82,-76,-81,-19,0,29
539,18420,,,"Corinth, MS",Micropolitan Statistical Area,34740,34680,34349,-60,-331,89,388,133,556,-44,-168,0,6,-15,-172,-15,-166,-1,3
539,18420,,28003,"Alcorn County, MS",County or equivalent,34740,34680,34349,-60,-331,89,388,133,556,-44,-168,0,6,-15,-172,-15,-166,-1,3
539,46180,,,"Tupelo, MS",Micropolitan Statistical Area,163398,163193,163162,-205,-31,452,1962,592,2166,-140,-204,1,51,-67,96,-66,147,1,26
539,46180,,28057,"Itawamba County, MS",County or equivalent,23863,23824,23838,-39,14,59,237,111,356,-52,-119,0,0,13,130,13,130,0,3
539,46180,,28081,"Lee County, MS",County or equivalent,83343,83228,82883,-115,-345,223,1041,263,1171,-40,-130,1,36,-77,-266,-76,-230,1,15
539,46180,,28115,"Pontotoc County, MS",County or equivalent,31184,31206,31445,22,239,115,421,98,324,17,97,0,0,5,136,5,136,0,6
539,46180,,28117,"Prentiss County, MS",County or equivalent,25008,24935,24996,-73,61,55,263,120,315,-65,-52,0,15,-8,96,-8,111,0,2
540,,,,"Tyler-Jacksonville, TX",Combined Statistical Area,283891,284540,288283,649,3743,859,3466,799,3241,60,225,0,34,591,3482,591,3516,-2,2
540,27380,,,"Jacksonville, TX",Micropolitan Statistical Area,50412,50477,51097,65,620,177,665,157,652,20,13,0,10,46,596,46,606,-1,1
540,27380,,48073,"Cherokee County, TX",County or equivalent,50412,50477,51097,65,620,177,665,157,652,20,13,0,10,46,596,46,606,-1,1
540,46340,,,"Tyler, TX",Metropolitan Statistical Area,233479,234063,237186,584,3123,682,2801,642,2589,40,212,0,24,545,2886,545,2910,-1,1
540,46340,,48423,"Smith County, TX",County or equivalent,233479,234063,237186,584,3123,682,2801,642,2589,40,212,0,24,545,2886,545,2910,-1,1
544,,,,"Victoria-Port Lavaca, TX",Combined Statistical Area,118437,118288,117854,-149,-434,367,1560,356,1368,11,192,0,28,-159,-658,-159,-630,-1,4
544,38920,,,"Port Lavaca, TX",Micropolitan Statistical Area,20106,20047,19727,-59,-320,73,256,63,247,10,9,0,11,-68,-336,-68,-325,-1,-4
544,38920,,48057,"Calhoun County, TX",County or equivalent,20106,20047,19727,-59,-320,73,256,63,247,10,9,0,11,-68,-336,-68,-325,-1,-4
544,47020,,,"Victoria, TX",Metropolitan Statistical Area,98331,98241,98127,-90,-114,294,1304,293,1121,1,183,0,17,-91,-322,-91,-305,0,8
544,47020,,48175,"Goliad County, TX",County or equivalent,7012,7005,7163,-7,158,8,80,19,78,-11,2,0,1,5,158,5,159,-1,-3
544,47020,,48469,"Victoria County, TX",County or equivalent,91319,91236,90964,-83,-272,286,1224,274,1043,12,181,0,16,-96,-480,-96,-464,1,11
545,,,,"Virginia Beach-Norfolk, VA-NC",Combined Statistical Area,1890162,1890724,1895105,562,4381,5422,21569,4793,19535,629,2034,22,1240,-102,1101,-80,2341,13,6
545,21020,,,"Elizabeth City, NC",Micropolitan Statistical Area,53573,53642,53951,69,309,151,538,191,707,-40,-169,4,6,108,473,112,479,-3,-1
545,21020,,37139,"Pasquotank County, NC",County or equivalent,40568,40645,40821,77,176,127,441,133,517,-6,-76,5,6,78,247,83,253,0,-1
545,21020,,37143,"Perquimans County, NC",County or equivalent,13005,12997,13130,-8,133,24,97,58,190,-34,-93,-1,0,30,226,29,226,-3,0
545,28620,,,"Kill Devil Hills, NC",Micropolitan Statistical Area,36915,37001,37826,86,825,74,309,103,447,-29,-138,0,26,117,949,117,975,-2,-12
545,28620,,37055,"Dare County, NC",County or equivalent,36915,37001,37826,86,825,74,309,103,447,-29,-138,0,26,117,949,117,975,-2,-12
545,47260,,,"Virginia Beach-Norfolk-Newport News, VA-NC",Metropolitan Statistical Area,1799674,1800081,1803328,407,3247,5197,20722,4499,18381,698,2341,18,1208,-327,-321,-309,887,18,19
545,47260,,37029,"Camden County, NC",County or equivalent,10355,10398,10835,43,437,26,97,29,92,-3,5,0,1,45,440,45,441,1,-9
545,47260,,37053,"Currituck County, NC",County or equivalent,28100,28385,29653,285,1268,64,276,48,295,16,-19,0,0,268,1309,268,1309,1,-22
545,47260,,37073,"Gates County, NC",County or equivalent,10478,10452,10366,-26,-86,24,86,41,176,-17,-90,0,1,-9,2,-9,3,0,1
545,47260,,51073,"Gloucester County, VA",County or equivalent,38711,38688,39069,-23,381,84,316,129,499,-45,-183,0,3,25,565,25,568,-3,-4
545,47260,,51093,"Isle of Wight County, VA",County or equivalent,38606,38658,39278,52,620,90,326,124,458,-34,-132,2,37,87,724,89,761,-3,-9
545,47260,,51095,"James City County, VA",County or equivalent,78254,78412,79882,158,1470,193,727,220,851,-27,-124,0,50,197,1561,197,1611,-12,-17
545,47260,,51115,"Mathews County, VA",County or equivalent,8533,8524,8546,-9,22,15,68,36,151,-21,-83,0,0,14,104,14,104,-2,1
545,47260,,51175,"Southampton County, VA",County or equivalent,17996,17949,18006,-47,57,31,103,52,249,-21,-146,0,1,-26,205,-26,206,0,-3
545,47260,,51199,"York County, VA",County or equivalent,70045,70154,70915,109,761,135,550,147,646,-12,-96,4,43,117,818,121,861,0,-4
545,47260,,51550,"Chesapeake city, VA",County or equivalent,249422,249679,251269,257,1590,715,2782,605,2398,110,384,-5,153,147,1014,142,1167,5,39
545,47260,,51620,"Franklin city, VA",County or equivalent,8180,8171,8217,-9,46,41,156,36,115,5,41,0,0,-14,5,-14,5,0,0
545,47260,,51650,"Hampton city, VA",County or equivalent,137148,137131,137746,-17,615,389,1523,409,1476,-20,47,1,47,2,499,3,546,0,22
545,47260,,51700,"Newport News city, VA",County or equivalent,186247,185916,184587,-331,-1329,665,2630,485,1888,180,742,5,230,-523,-2293,-518,-2063,7,-8
545,47260,,51710,"Norfolk city, VA",County or equivalent,238005,237591,235089,-414,-2502,758,3241,602,2440,156,801,3,264,-583,-3540,-580,-3276,10,-27
545,47260,,51735,"Poquoson city, VA",County or equivalent,12460,12455,12574,-5,119,19,97,37,139,-18,-42,0,1,13,162,13,163,0,-2
545,47260,,51740,"Portsmouth city, VA",County or equivalent,97915,98015,97840,100,-175,346,1414,256,1203,90,211,0,51,9,-451,9,-400,1,14
545,47260,,51800,"Suffolk city, VA",County or equivalent,94324,94685,96194,361,1509,264,1096,254,995,10,101,0,29,347,1381,347,1410,4,-2
545,47260,,51810,"Virginia Beach city, VA",County or equivalent,459470,459373,457672,-97,-1701,1321,5156,934,4164,387,992,8,280,-500,-3022,-492,-2742,8,49
545,47260,,51830,"Williamsburg city, VA",County or equivalent,15425,15445,15590,20,145,17,78,55,146,-38,-68,0,17,57,196,57,213,1,0
548,,,,"Washington-Baltimore-Arlington, DC-MD-VA-WV-PA",Combined Statistical Area,9973383,9971806,9946526,-1577,-25280,28114,111685,20880,87082,7234,24603,1024,14909,-10067,-64527,-9043,-49618,232,-265
548,12580,,,"Baltimore-Columbia-Towson, MD",Metropolitan Statistical Area,2844510,2841691,2838327,-2819,-3364,7799,30824,7783,30933,16,-109,94,1996,-2927,-5561,-2833,-3565,-2,310
548,12580,,24003,"Anne Arundel County, MD",County or equivalent,588261,588769,590336,508,1567,1658,6484,1341,5641,317,843,-16,184,203,411,187,595,4,129
548,12580,,24005,"Baltimore County, MD",County or equivalent,854535,853073,849316,-1462,-3757,2237,9250,2579,10074,-342,-824,69,821,-1178,-3880,-1109,-3059,-11,126
548,12580,,24013,"Carroll County, MD",County or equivalent,172891,172890,173873,-1,983,417,1579,486,1933,-69,-354,1,38,72,1295,73,1333,-5,4
548,12580,,24025,"Harford County, MD",County or equivalent,260924,261122,262977,198,1855,678,2582,684,2683,-6,-101,0,68,209,1874,209,1942,-5,14
548,12580,,24027,"Howard County, MD",County or equivalent,332317,332722,334529,405,1807,833,3136,521,2266,312,870,12,288,76,599,88,887,5,50
548,12580,,24035,"Queen Anne's County, MD",County or equivalent,49874,49983,50798,109,815,139,488,148,510,-9,-22,0,27,120,818,120,845,-2,-8
548,12580,,24510,"Baltimore city, MD",County or equivalent,585708,583132,576498,-2576,-6634,1837,7305,2024,7826,-187,-521,28,570,-2429,-6678,-2401,-6108,12,-5
548,15680,,,"California-Lexington Park, MD",Metropolitan Statistical Area,113777,113953,114468,176,515,330,1337,270,1067,60,270,-2,33,114,185,112,218,4,27
548,15680,,24037,"St. Mary's County, MD",County or equivalent,113777,113953,114468,176,515,330,1337,270,1067,60,270,-2,33,114,185,112,218,4,27
548,16540,,,"Chambersburg-Waynesboro, PA",Metropolitan Statistical Area,155932,155874,156289,-58,415,423,1679,470,1932,-47,-253,0,87,-4,559,-4,646,-7,22
548,16540,,42055,"Franklin County, PA",County or equivalent,155932,155874,156289,-58,415,423,1679,470,1932,-47,-253,0,87,-4,559,-4,646,-7,22
548,20660,,,"Easton, MD",Micropolitan Statistical Area,37526,37456,37626,-70,170,83,312,142,605,-59,-293,0,14,-3,452,-3,466,-8,-3
548,20660,,24041,"Talbot County, MD",County or equivalent,37526,37456,37626,-70,170,83,312,142,605,-59,-293,0,14,-3,452,-3,466,-8,-3
548,25180,,,"Hagerstown-Martinsburg, MD-WV",Metropolitan Statistical Area,293844,294277,298227,433,3950,797,3105,929,3490,-132,-385,3,87,563,4265,566,4352,-1,-17
548,25180,,24043,"Washington County, MD",County or equivalent,154705,154586,154937,-119,351,406,1555,507,1913,-101,-358,-1,60,-14,628,-15,688,-3,21
548,25180,,54003,"Berkeley County, WV",County or equivalent,122076,122654,126069,578,3415,360,1412,339,1313,21,99,4,27,549,3324,553,3351,4,-35
548,25180,,54065,"Morgan County, WV",County or equivalent,17063,17037,17221,-26,184,31,138,83,264,-52,-126,0,0,28,313,28,313,-2,-3
548,47900,,,"Washington-Arlington-Alexandria, DC-VA-MD-WV",Metropolitan Statistical Area,6385162,6385714,6356434,552,-29280,18327,72970,10898,47450,7429,25520,930,12600,-8057,-66811,-7127,-54211,250,-589
548,47900,23224,,"Frederick-Gaithersburg-Rockville, MD",Metropolitan Division,1333778,1333980,1334662,202,682,3729,14150,2338,10077,1391,4073,274,2611,-1481,-5928,-1207,-3317,18,-74
548,47900,23224,24021,"Frederick County, MD",County or equivalent,271717,272737,279835,1020,7098,764,2783,580,2371,184,412,2,244,830,6515,832,6759,4,-73
548,47900,23224,24031,"Montgomery County, MD",County or equivalent,1062061,1061243,1054827,-818,-6416,2965,11367,1758,7706,1207,3661,272,2367,-2311,-12443,-2039,-10076,14,-1
548,47900,47894,,"Washington-Arlington-Alexandria, DC-VA-MD-WV",Metropolitan Division,5051384,5051734,5021772,350,-29962,14598,58820,8560,37373,6038,21447,656,9989,-6576,-60883,-5920,-50894,232,-515
548,47900,47894,11001,"District of Columbia, DC",County or equivalent,689545,690093,670050,548,-20043,2145,8723,1387,6552,758,2171,51,1128,-292,-23030,-241,-21902,31,-312
548,47900,47894,24009,"Calvert County, MD",County or equivalent,92783,92857,93928,74,1071,210,885,224,976,-14,-91,0,12,90,1156,90,1168,-2,-6
548,47900,47894,24017,"Charles County, MD",County or equivalent,166617,166682,168698,65,2016,407,1832,361,1474,46,358,-4,63,17,1589,13,1652,6,6
548,47900,47894,24033,"Prince George's County, MD",County or equivalent,967201,965601,955306,-1600,-10295,2742,11328,1973,8244,769,3084,152,1857,-2550,-15142,-2398,-13285,29,-94
548,47900,47894,51013,"Arlington County, VA",County or equivalent,238643,238766,232965,123,-5801,658,2489,253,1255,405,1234,45,749,-339,-7685,-294,-6936,12,-99
548,47900,47894,51043,"Clarke County, VA",County or equivalent,14783,14788,14881,5,93,30,135,42,213,-12,-78,-1,2,19,170,18,172,-1,-1
548,47900,47894,51047,"Culpeper County, VA",County or equivalent,52552,52717,53596,165,879,161,618,145,548,16,70,0,58,149,755,149,813,0,-4
548,47900,47894,51059,"Fairfax County, VA",County or equivalent,1150309,1148472,1139720,-1837,-8752,3186,12792,1541,7071,1645,5721,275,3370,-3813,-17789,-3538,-14419,56,-54
548,47900,47894,51061,"Fauquier County, VA",County or equivalent,72972,72938,73815,-34,877,174,674,188,709,-14,-35,-1,22,-18,894,-19,916,-1,-4
548,47900,47894,51107,"Loudoun County, VA",County or equivalent,420959,422597,427592,1638,4995,1235,4654,490,2046,745,2608,53,643,803,1651,856,2294,37,93
548,47900,47894,51113,"Madison County, VA",County or equivalent,13837,13837,13942,0,105,28,133,54,143,-26,-10,-1,6,27,109,26,115,0,0
548,47900,47894,51153,"Prince William County, VA",County or equivalent,482204,482738,484472,534,1734,1525,6080,595,2597,930,3483,59,980,-496,-2824,-437,-1844,41,95
548,47900,47894,51157,"Rappahannock County, VA",County or equivalent,7348,7312,7407,-36,95,10,45,22,88,-12,-43,0,-1,-22,140,-22,139,-2,-1
548,47900,47894,51177,"Spotsylvania County, VA",County or equivalent,140032,140475,143676,443,3201,344,1541,281,1242,63,299,1,64,377,2861,378,2925,2,-23
548,47900,47894,51179,"Stafford County, VA",County or equivalent,156927,157604,160877,677,3273,424,1688,270,1025,154,663,-3,45,518,2583,515,2628,8,-18
548,47900,47894,51187,"Warren County, VA",County or equivalent,40727,40782,40925,55,143,126,493,107,507,19,-14,-1,17,36,134,35,151,1,6
548,47900,47894,51510,"Alexandria city, VA",County or equivalent,159467,159097,154706,-370,-4391,596,2336,204,1046,392,1290,28,608,-797,-6188,-769,-5580,7,-101
548,47900,47894,51600,"Fairfax city, VA",County or equivalent,24146,24129,24276,-17,147,150,602,91,263,59,339,0,100,-77,-290,-77,-190,1,-2
548,47900,47894,51610,"Falls Church city, VA",County or equivalent,14658,14654,14493,-4,-161,43,185,42,130,1,55,0,16,-5,-231,-5,-215,0,-1
548,47900,47894,51630,"Fredericksburg city, VA",County or equivalent,27982,27995,28367,13,372,82,355,69,285,13,70,1,77,-2,223,-1,300,1,2
548,47900,47894,51683,"Manassas city, VA",County or equivalent,42772,42728,42708,-44,-20,178,665,59,268,119,397,1,97,-167,-514,-166,-417,3,0
548,47900,47894,51685,"Manassas Park city, VA",County or equivalent,17219,17140,17002,-79,-138,6,35,22,72,-16,-37,1,44,-67,-148,-66,-104,3,3
548,47900,47894,54037,"Jefferson County, WV",County or equivalent,57701,57732,58370,31,638,138,532,140,619,-2,-87,0,32,33,693,33,725,0,0
548,49020,,,"Winchester, VA-WV",Metropolitan Statistical Area,142632,142841,145155,209,2314,355,1458,388,1605,-33,-147,-1,92,247,2384,246,2476,-4,-15
548,49020,,51069,"Frederick County, VA",County or equivalent,91419,91766,93717,347,1951,208,893,225,954,-17,-61,1,44,365,1987,366,2031,-2,-19
548,49020,,51840,"Winchester city, VA",County or equivalent,28120,28008,28136,-112,128,87,345,68,294,19,51,-2,48,-129,22,-131,70,0,7
548,49020,,54027,"Hampshire County, WV",County or equivalent,23093,23067,23302,-26,235,60,220,95,357,-35,-137,0,0,11,375,11,375,-2,-3
554,,,,"Wausau-Stevens Point-Wisconsin Rapids, WI",Combined Statistical Area,311012,310797,310727,-215,-70,745,3051,832,3450,-87,-399,0,60,-114,223,-114,283,-14,46
554,44620,,,"Stevens Point, WI",Micropolitan Statistical Area,70377,70378,70468,1,90,158,600,152,620,6,-20,-1,43,-3,56,-4,99,-1,11
554,44620,,55097,"Portage County, WI",County or equivalent,70377,70378,70468,1,90,158,600,152,620,6,-20,-1,43,-3,56,-4,99,-1,11
554,48140,,,"Wausau-Weston, WI",Metropolitan Statistical Area,166428,166328,166189,-100,-139,422,1670,443,1889,-21,-219,1,11,-72,46,-71,57,-8,23
554,48140,,55069,"Lincoln County, WI",County or equivalent,28415,28374,28541,-41,167,51,248,101,416,-50,-168,0,1,12,335,12,336,-3,-1
554,48140,,55073,"Marathon County, WI",County or equivalent,138013,137954,137648,-59,-306,371,1422,342,1473,29,-51,1,10,-84,-289,-83,-279,-5,24
554,49220,,,"Wisconsin Rapids-Marshfield, WI",Micropolitan Statistical Area,74207,74091,74070,-116,-21,165,781,237,941,-72,-160,0,6,-39,121,-39,127,-5,12
554,49220,,55141,"Wood County, WI",County or equivalent,74207,74091,74070,-116,-21,165,781,237,941,-72,-160,0,6,-39,121,-39,127,-5,12
556,,,,"Wichita-Winfield, KS",Combined Statistical Area,682159,682419,682415,260,-4,1971,8163,1887,7666,84,497,20,305,153,-905,173,-600,3,99
556,48620,,,"Wichita, KS",Metropolitan Statistical Area,647610,647921,647919,311,-2,1876,7804,1767,7092,109,712,22,300,175,-1110,197,-810,5,96
556,48620,,20015,"Butler County, KS",County or equivalent,67380,67401,67889,21,488,194,655,188,781,6,-126,1,3,13,608,14,611,1,3
556,48620,,20079,"Harvey County, KS",County or equivalent,34024,33942,33817,-82,-125,89,369,117,436,-28,-67,1,21,-53,-85,-52,-64,-2,6
556,48620,,20173,"Sedgwick County, KS",County or equivalent,523824,524246,523828,422,-418,1523,6527,1393,5570,130,957,20,276,266,-1736,286,-1460,6,85
556,48620,,20191,"Sumner County, KS",County or equivalent,22382,22332,22385,-50,53,70,253,69,305,1,-52,0,0,-51,103,-51,103,0,2
556,49060,,,"Winfield, KS",Micropolitan Statistical Area,34549,34498,34496,-51,-2,95,359,120,574,-25,-215,-2,5,-22,205,-24,210,-2,3
556,49060,,20035,"Cowley County, KS",County or equivalent,34549,34498,34496,-51,-2,95,359,120,574,-25,-215,-2,5,-22,205,-24,210,-2,3
558,,,,"Williamsport-Lock Haven, PA",Combined Statistical Area,151638,151330,151070,-308,-260,392,1492,560,2033,-168,-541,0,38,-133,219,-133,257,-7,24
558,30820,,,"Lock Haven, PA",Micropolitan Statistical Area,37450,37350,37465,-100,115,110,375,125,489,-15,-114,0,3,-84,222,-84,225,-1,4
558,30820,,42035,"Clinton County, PA",County or equivalent,37450,37350,37465,-100,115,110,375,125,489,-15,-114,0,3,-84,222,-84,225,-1,4
558,48700,,,"Williamsport, PA",Metropolitan Statistical Area,114188,113980,113605,-208,-375,282,1117,435,1544,-153,-427,0,35,-49,-3,-49,32,-6,20
558,48700,,42081,"Lycoming County, PA",County or equivalent,114188,113980,113605,-208,-375,282,1117,435,1544,-153,-427,0,35,-49,-3,-49,32,-6,20
566,,,,"Youngstown-Warren, OH-PA",Combined Statistical Area,643120,641293,639379,-1827,-1914,1490,6273,2665,9842,-1175,-3569,1,100,-605,1473,-604,1573,-48,82
566,41400,,,"Salem, OH",Micropolitan Statistical Area,101877,101607,101310,-270,-297,221,985,395,1475,-174,-490,1,18,-91,160,-90,178,-6,15
566,41400,,39029,"Columbiana County, OH",County or equivalent,101877,101607,101310,-270,-297,221,985,395,1475,-174,-490,1,18,-91,160,-90,178,-6,15
566,49660,,,"Youngstown-Warren-Boardman, OH-PA",Metropolitan Statistical Area,541243,539686,538069,-1557,-1617,1269,5288,2270,8367,-1001,-3079,0,82,-514,1313,-514,1395,-42,67
566,49660,,39099,"Mahoning County, OH",County or equivalent,228614,227948,226762,-666,-1186,580,2311,981,3632,-401,-1321,2,62,-249,29,-247,91,-18,44
566,49660,,39155,"Trumbull County, OH",County or equivalent,201977,201405,201335,-572,-70,452,2020,823,3040,-371,-1020,0,10,-186,928,-186,938,-15,12
566,49660,,42085,"Mercer County, PA",County or equivalent,110652,110333,109972,-319,-361,237,957,466,1695,-229,-738,-2,10,-79,356,-81,366,-9,11
